1, 47722.234858, Actual Angles: 3.1415927410125732, 0.0, -1.5707963705062866, 0.0, 0.0, -4.440892098500626e-16, 0.0; Actual Speeds: 0.0, 0.0, 0.0, 0.0, 0.0, 0.0, 0.0; Actual Efforts: 2.466528813943711e-15, -15.51346206665039, -12.161099433898926, -0.18354475498199463, -0.5656967163085938, 0.011290328577160835, 0.0; Actual Accelerations: 0.0, 0.0, 0.0, 0.0, 0.0, 0.0, 0.0; Commanded Angles: 3.141593, 0.0, -1.570796, 0.0, 0.0, -0.0, 0.0; Commanded Speeds: 0.0, 0.0, 0.0, 0.0, 0.0, 0.3490658503988659, 0.0; Commanded Accelerations: 0, 0, 0, 0, 0, 0, 0
2, 47722.253201, Actual Angles: 3.1415927410125732, 0.0, -1.5707963705062866, 0.0, 0.0, 0.001120000029914081, 0.0; Actual Speeds: 0.0, 0.0, 0.0, 0.0, 0.0, 0.11999999731779099, 0.0; Actual Efforts: 2.466528813943711e-15, -15.51346206665039, -12.161099433898926, -0.18354475498199463, -0.5656967163085938, 0.011290328577160835, 0.0; Actual Accelerations: 0.0, 0.0, 0.0, 0.0, 0.0, 0.0, 0.0; Commanded Angles: 0.0, 0.0, 0.0, 0.0, 0.0, 0.006402753974053864, 0.0; Commanded Speeds: 0.0, 0.0, 0.0, 0.0, 0.0, 0.3490658503988659, 0.0; Commanded Accelerations: 0, 0, 0, 0, 0, 0, 0
3, 47722.287023, Actual Angles: 3.1415927410125732, 0.0, -1.5707963705062866, 0.0, 0.0, 0.010975999757647514, 0.0; Actual Speeds: 0.0, 0.0, 0.0, 0.0, 0.0, 0.3919999897480011, 0.0; Actual Efforts: -3.026448496257217e-07, -15.513794898986816, -12.161395072937012, -0.18346142768859863, -0.5657578706741333, 0.36227938532829285, 0.0; Actual Accelerations: 0.0, 0.0, 0.0, 0.0, 0.0, 0.0, 0.0; Commanded Angles: 0.0, 0.0, 0.0, 0.0, 0.0, 0.018208898958809804, 0.0; Commanded Speeds: 0.0, 0.0, 0.0, 0.0, 0.0, 0.3490658503988659, 0.0; Commanded Accelerations: 0, 0, 0, 0, 0, 0, 0
4, 47722.321420, Actual Angles: 3.1415927410125732, 0.0, -1.5707963705062866, 0.0, 0.0, 0.02348800003528595, 0.0; Actual Speeds: 0.0, 0.0, 0.0, 0.0, 0.0, 0.3440000116825104, 0.0; Actual Efforts: -1.7100517652579583e-05, -15.515273094177246, -12.162710189819336, -0.1830889880657196, -0.56602942943573, 0.7644717693328857, 0.0; Actual Accelerations: 0.0, 0.0, 0.0, 0.0, 0.0, 0.0, 0.0; Commanded Angles: 0.0, 0.0, 0.0, 0.0, 0.0, 0.03021567687216111, 0.0; Commanded Speeds: 0.0, 0.0, 0.0, 0.0, 0.0, 0.3490658503988659, 0.0; Commanded Accelerations: 0, 0, 0, 0, 0, 0, 0
5, 47722.357031, Actual Angles: 3.1415927410125732, 0.0, -1.5707963705062866, 0.0, 0.0, 0.036031998693943024, 0.0; Actual Speeds: 0.0, 0.0, 0.0, 0.0, 0.0, 0.35199999809265137, 0.0; Actual Efforts: -5.122696529724635e-05, -15.515043258666992, -12.162505149841309, -0.18314212560653687, -0.5659871697425842, 0.24447399377822876, 0.0; Actual Accelerations: 0.0, 0.0, 0.0, 0.0, 0.0, 0.0, 0.0; Commanded Angles: 0.0, 0.0, 0.0, 0.0, 0.0, 0.042646397008217186, 0.0; Commanded Speeds: 0.0, 0.0, 0.0, 0.0, 0.0, 0.3490658503988659, 0.0; Commanded Accelerations: 0, 0, 0, 0, 0, 0, 0
6, 47722.387584, Actual Angles: 3.1415927410125732, 0.0, -1.5707963705062866, 0.0, 0.0, 0.04575999826192856, 0.0; Actual Speeds: 0.0, 0.0, 0.0, 0.0, 0.0, 0.3440000116825104, 0.0; Actual Efforts: -6.75109404255636e-05, -15.51455307006836, -12.162069320678711, -0.1832638680934906, -0.5658971071243286, 0.3984871804714203, 0.0; Actual Accelerations: 0.0, 0.0, 0.0, 0.0, 0.0, 0.0, 0.0; Commanded Angles: 0.0, 0.0, 0.0, 0.0, 0.0, 0.053311279224321696, 0.0; Commanded Speeds: 0.0, 0.0, 0.0, 0.0, 0.0, 0.3490658503988659, 0.0; Commanded Accelerations: 0, 0, 0, 0, 0, 0, 0
7, 47722.421893, Actual Angles: 3.1415927410125732, 0.0, -1.5707963705062866, 0.0, 0.0, 0.05830400064587593, 0.0; Actual Speeds: 0.0, 0.0, 0.0, 0.0, 0.0, 0.35199999809265137, 0.0; Actual Efforts: -7.826273940736428e-05, -15.514141082763672, -12.161703109741211, -0.18336883187294006, -0.5658213496208191, 0.06407532095909119, 0.0; Actual Accelerations: 0.0, 0.0, 0.0, 0.0, 0.0, 0.0, 0.0; Commanded Angles: 0.0, 0.0, 0.0, 0.0, 0.0, 0.06528752609323404, 0.0; Commanded Speeds: 0.0, 0.0, 0.0, 0.0, 0.0, 0.3490658503988659, 0.0; Commanded Accelerations: 0, 0, 0, 0, 0, 0, 0
8, 47722.454733, Actual Angles: 3.1415927410125732, 0.0, -1.5707963705062866, 0.0, 0.0, 0.06943999975919724, 0.0; Actual Speeds: 0.0, 0.0, 0.0, 0.0, 0.0, 0.35199999809265137, 0.0; Actual Efforts: -8.221833559218794e-05, -15.513922691345215, -12.161508560180664, -0.1834273487329483, -0.56578129529953, 0.017612317577004433, 0.0; Actual Accelerations: 0.0, 0.0, 0.0, 0.0, 0.0, 0.0, 0.0; Commanded Angles: 0.0, 0.0, 0.0, 0.0, 0.0, 0.07675085176199896, 0.0; Commanded Speeds: 0.0, 0.0, 0.0, 0.0, 0.0, 0.3490658503988659, 0.0; Commanded Accelerations: 0, 0, 0, 0, 0, 0, 0
9, 47722.490068, Actual Angles: 3.1415927410125732, 0.0, -1.5707963705062866, 0.0, 0.0, 0.08198399841785431, 0.0; Actual Speeds: 0.0, 0.0, 0.0, 0.0, 0.0, 0.35199999809265137, 0.0; Actual Efforts: -7.103104144334793e-05, -15.513570785522461, -12.1611967086792, -0.1835239976644516, -0.5657167434692383, 0.04563843458890915, 0.0; Actual Accelerations: 0.0, 0.0, 0.0, 0.0, 0.0, 0.0, 0.0; Commanded Angles: 0.0, 0.0, 0.0, 0.0, 0.0, 0.08908503668713473, 0.0; Commanded Speeds: 0.0, 0.0, 0.0, 0.0, 0.0, 0.3490658503988659, 0.0; Commanded Accelerations: 0, 0, 0, 0, 0, 0, 0
10, 47722.522121, Actual Angles: 3.1415927410125732, 0.0, -1.5707963705062866, 0.0, 0.0, 0.09312000125646591, 0.0; Actual Speeds: 0.0, 0.0, 0.0, 0.0, 0.0, 0.35199999809265137, 0.0; Actual Efforts: -7.12352484697476e-05, -15.513527870178223, -12.161158561706543, -0.18354232609272003, -0.5657088160514832, -0.1704588383436203, 0.0; Actual Accelerations: 0.0, 0.0, 0.0, 0.0, 0.0, 0.0, 0.0; Commanded Angles: 0.0, 0.0, 0.0, 0.0, 0.0, 0.10027367929773978, 0.0; Commanded Speeds: 0.0, 0.0, 0.0, 0.0, 0.0, 0.3490658503988659, 0.0; Commanded Accelerations: 0, 0, 0, 0, 0, 0, 0
11, 47722.555408, Actual Angles: 3.1415927410125732, 0.0, -1.5707963705062866, 0.0, 0.0, 0.10425599664449692, 0.0; Actual Speeds: 0.0, 0.0, 0.0, 0.0, 0.0, 0.35199999809265137, 0.0; Actual Efforts: -6.978123565204442e-05, -15.513486862182617, -12.161120414733887, -0.18356211483478546, -0.5657011270523071, -0.3302481770515442, 0.0; Actual Accelerations: 0.0, 0.0, 0.0, 0.0, 0.0, 0.0, 0.0; Commanded Angles: 0.0, 0.0, 0.0, 0.0, 0.0, 0.11189317737647433, 0.0; Commanded Speeds: 0.0, 0.0, 0.0, 0.0, 0.0, 0.3490658503988659, 0.0; Commanded Accelerations: 0, 0, 0, 0, 0, 0, 0
12, 47722.589742, Actual Angles: 3.1415927410125732, 0.0, -1.5707963705062866, 0.0, 0.0, 0.1167680025100708, 0.0; Actual Speeds: 0.0, 0.0, 0.0, 0.0, 0.0, 0.3440000116825104, 0.0; Actual Efforts: -4.66276214865502e-05, -15.513261795043945, -12.160921096801758, -0.18363399803638458, -0.5656599402427673, -0.34527260065078735, 0.0; Actual Accelerations: 0.0, 0.0, 0.0, 0.0, 0.0, 0.0, 0.0; Commanded Angles: 0.0, 0.0, 0.0, 0.0, 0.0, 0.12387783603450161, 0.0; Commanded Speeds: 0.0, 0.0, 0.0, 0.0, 0.0, 0.3490658503988659, 0.0; Commanded Accelerations: 0, 0, 0, 0, 0, 0, 0
13, 47722.623166, Actual Angles: 3.1415927410125732, 0.0, -1.5707963705062866, 0.0, 0.0, 0.1279039978981018, 0.0; Actual Speeds: 0.0, 0.0, 0.0, 0.0, 0.0, 0.3440000116825104, 0.0; Actual Efforts: -4.5673612476093695e-05, -15.513270378112793, -12.160928726196289, -0.18364422023296356, -0.5656614303588867, -0.44963228702545166, 0.0; Actual Accelerations: 0.0, 0.0, 0.0, 0.0, 0.0, 0.0, 0.0; Commanded Angles: 0.0, 0.0, 0.0, 0.0, 0.0, 0.1355448723448229, 0.0; Commanded Speeds: 0.0, 0.0, 0.0, 0.0, 0.0, 0.3490658503988659, 0.0; Commanded Accelerations: 0, 0, 0, 0, 0, 0, 0
14, 47722.656938, Actual Angles: 3.1415927410125732, 0.0, -1.5707963705062866, 0.0, 0.0, 0.1404159963130951, 0.0; Actual Speeds: 0.0, 0.0, 0.0, 0.0, 0.0, 0.3440000116825104, 0.0; Actual Efforts: -4.024054578621872e-05, -15.513243675231934, -12.160904884338379, -0.18366684019565582, -0.5656566023826599, -0.05924826115369797, 0.0; Actual Accelerations: 0.0, 0.0, 0.0, 0.0, 0.0, 0.0, 0.0; Commanded Angles: 0.0, 0.0, 0.0, 0.0, 0.0, 0.14733372216345147, 0.0; Commanded Speeds: 0.0, 0.0, 0.0, 0.0, 0.0, 0.3490658503988659, 0.0; Commanded Accelerations: 0, 0, 0, 0, 0, 0, 0
15, 47722.690008, Actual Angles: 3.1415927410125732, 0.0, -1.5707963705062866, 0.0, 0.0, 0.1515520066022873, 0.0; Actual Speeds: 0.0, 0.0, 0.0, 0.0, 0.0, 0.3440000116825104, 0.0; Actual Efforts: -4.137105497648008e-05, -15.513269424438477, -12.160927772521973, -0.18367545306682587, -0.5656611919403076, -0.36653047800064087, 0.0; Actual Accelerations: 0.0, 0.0, 0.0, 0.0, 0.0, 0.0, 0.0; Commanded Angles: 0.0, 0.0, 0.0, 0.0, 0.0, 0.158877278176037, 0.0; Commanded Speeds: 0.0, 0.0, 0.0, 0.0, 0.0, 0.3490658503988659, 0.0; Commanded Accelerations: 0, 0, 0, 0, 0, 0, 0
16, 47722.724072, Actual Angles: 3.1415927410125732, 0.0, -1.5707963705062866, 0.0, 0.0, 0.1626880019903183, 0.0; Actual Speeds: 0.0, 0.0, 0.0, 0.0, 0.0, 0.35199999809265137, 0.0; Actual Efforts: -3.757623562705703e-05, -15.513257026672363, -12.160917282104492, -0.18369756639003754, -0.5656589865684509, -0.3509816527366638, 0.0; Actual Accelerations: 0.0, 0.0, 0.0, 0.0, 0.0, 10.711049458530814, 0.0; Commanded Angles: 0.0, 0.0, 0.0, 0.0, 0.0, 0.17076772186455327, 0.0; Commanded Speeds: 0.0, 0.0, 0.0, 0.0, 0.0, 0.3490658503988659, 0.0; Commanded Accelerations: 0, 0, 0, 0, 0, 0, 0
17, 47722.758005, Actual Angles: 3.1415927410125732, 0.0, -1.5707963705062866, 0.0, 0.0, 0.17523199319839478, 0.0; Actual Speeds: 0.0, 0.0, 0.0, 0.0, 0.0, 0.35199999809265137, 0.0; Actual Efforts: -3.26021145156119e-05, -15.513240814208984, -12.16090202331543, -0.18372052907943726, -0.5656560063362122, -0.1118672713637352, 0.0; Actual Accelerations: 0.0, 0.0, 0.0, 0.0, 0.0, 0.0, 0.0; Commanded Angles: 0.0, 0.0, 0.0, 0.0, 0.0, 0.18261259221602696, 0.0; Commanded Speeds: 0.0, 0.0, 0.0, 0.0, 0.0, 0.3490658503988659, 0.0; Commanded Accelerations: 0, 0, 0, 0, 0, 0, 0
18, 47722.791395, Actual Angles: 3.1415927410125732, 0.0, -1.5707963705062866, 0.0, 0.0, 0.18636800348758698, 0.0; Actual Speeds: 0.0, 0.0, 0.0, 0.0, 0.0, 0.35199999809265137, 0.0; Actual Efforts: -2.8477687010308728e-05, -15.513230323791504, -12.160892486572266, -0.18374335765838623, -0.5656540393829346, -0.1629931479692459, 0.0; Actual Accelerations: 0.0, 0.0, 0.0, 0.0, 0.0, 0.0, 0.0; Commanded Angles: 0.0, 0.0, 0.0, 0.0, 0.0, 0.19426810481586326, 0.0; Commanded Speeds: 0.0, 0.0, 0.0, 0.0, 0.0, 0.3490658503988659, 0.0; Commanded Accelerations: 0, 0, 0, 0, 0, 0, 0
19, 47722.824426, Actual Angles: 3.1415927410125732, 0.0, -1.5707963705062866, 0.0, 0.0, 0.19750399887561798, 0.0; Actual Speeds: 0.0, 0.0, 0.0, 0.0, 0.0, 0.35199999809265137, 0.0; Actual Efforts: -6.362440035445616e-05, -15.513429641723633, -12.161070823669434, -0.1837112009525299, -0.5656906962394714, -0.11423613876104355, 0.0; Actual Accelerations: 0.0, 0.0, 0.0, 0.0, 0.0, 0.0, 0.0; Commanded Angles: 0.0, 0.0, 0.0, 0.0, 0.0, 0.20579794044487623, 0.0; Commanded Speeds: 0.0, 0.0, 0.0, 0.0, 0.0, 0.3490658503988659, 0.0; Commanded Accelerations: 0, 0, 0, 0, 0, 0, 0
20, 47722.857824, Actual Angles: 3.1415927410125732, 0.0, -1.5707963705062866, 0.0, 0.0, 0.21004800498485565, 0.0; Actual Speeds: 0.0, 0.0, 0.0, 0.0, 0.0, 0.35199999809265137, 0.0; Actual Efforts: -6.686787673970684e-05, -15.513448715209961, -12.161087036132812, -0.1837281435728073, -0.5656942129135132, -0.13057543337345123, 0.0; Actual Accelerations: 0.0, 0.0, 0.0, 0.0, 0.0, 0.0, 0.0; Commanded Angles: 0.0, 0.0, 0.0, 0.0, 0.0, 0.21745619286169404, 0.0; Commanded Speeds: 0.0, 0.0, 0.0, 0.0, 0.0, 0.3490658503988659, 0.0; Commanded Accelerations: 0, 0, 0, 0, 0, 0, 0
21, 47722.892046, Actual Angles: 3.1415927410125732, 0.0, -1.5707963705062866, 0.0, 0.0, 0.22118400037288666, 0.0; Actual Speeds: 0.0, 0.0, 0.0, 0.0, 0.0, 0.3440000116825104, 0.0; Actual Efforts: -6.624829984502867e-05, -15.513444900512695, -12.161084175109863, -0.1837557703256607, -0.5656935572624207, -0.09745767712593079, 0.0; Actual Accelerations: 0.0, 0.0, 0.0, 0.0, 0.0, -8.189558341001929, 0.0; Commanded Angles: 0.0, 0.0, 0.0, 0.0, 0.0, 0.22940188739258205, 0.0; Commanded Speeds: 0.0, 0.0, 0.0, 0.0, 0.0, 0.3490658503988659, 0.0; Commanded Accelerations: 0, 0, 0, 0, 0, 0, 0
22, 47722.925998, Actual Angles: 3.1415927410125732, 0.0, -1.5707963705062866, 0.0, 0.0, 0.23369599878787994, 0.0; Actual Speeds: 0.0, 0.0, 0.0, 0.0, 0.0, 0.3440000116825104, 0.0; Actual Efforts: -6.260142981773242e-05, -15.513428688049316, -12.1610689163208, -0.1837858408689499, -0.5656904578208923, -0.1138848066329956, 0.0; Actual Accelerations: 0.0, 0.0, 0.0, 0.0, 0.0, 0.0, 0.0; Commanded Angles: 0.0, 0.0, 0.0, 0.0, 0.0, 0.24125339348458796, 0.0; Commanded Speeds: 0.0, 0.0, 0.0, 0.0, 0.0, 0.3490658503988659, 0.0; Commanded Accelerations: 0, 0, 0, 0, 0, 0, 0
23, 47722.959318, Actual Angles: 3.1415927410125732, 0.0, -1.5707963705062866, 0.0, 0.0, 0.24483199417591095, 0.0; Actual Speeds: 0.0, 0.0, 0.0, 0.0, 0.0, 0.3440000116825104, 0.0; Actual Efforts: -6.924207991687581e-05, -15.513457298278809, -12.161094665527344, -0.1838040053844452, -0.5656958222389221, -0.421342670917511, 0.0; Actual Accelerations: 0.0, 0.0, 0.0, 0.0, 0.0, 0.0, 0.0; Commanded Angles: 0.0, 0.0, 0.0, 0.0, 0.0, 0.25288411193672783, 0.0; Commanded Speeds: 0.0, 0.0, 0.0, 0.0, 0.0, 0.3490658503988659, 0.0; Commanded Accelerations: 0, 0, 0, 0, 0, 0, 0
24, 47722.992957, Actual Angles: 3.1415927410125732, 0.0, -1.5707963705062866, 0.0, 0.0, 0.25734400749206543, 0.0; Actual Speeds: 0.0, 0.0, 0.0, 0.0, 0.0, 0.3440000116825104, 0.0; Actual Efforts: -6.059314182493836e-05, -15.513421058654785, -12.161063194274902, -0.18384601175785065, -0.5656891465187073, -0.21648786962032318, 0.0; Actual Accelerations: 0.0, 0.0, 0.0, 0.0, 0.0, 0.0, 0.0; Commanded Angles: 0.0, 0.0, 0.0, 0.0, 0.0, 0.26462636775103704, 0.0; Commanded Speeds: 0.0, 0.0, 0.0, 0.0, 0.0, 0.3490658503988659, 0.0; Commanded Accelerations: 0, 0, 0, 0, 0, 0, 0
25, 47723.026137, Actual Angles: 3.1415927410125732, 0.0, -1.5707963705062866, 0.0, 0.0, 0.26848000288009644, 0.0; Actual Speeds: 0.0, 0.0, 0.0, 0.0, 0.0, 0.3440000116825104, 0.0; Actual Efforts: -6.232379382709041e-05, -15.51343059539795, -12.16107177734375, -0.18387266993522644, -0.5656909346580505, -0.07848341763019562, 0.0; Actual Accelerations: 0.0, 0.0, 0.0, 0.0, 0.0, 0.0, 0.0; Commanded Angles: 0.0, 0.0, 0.0, 0.0, 0.0, 0.27620843864030276, 0.0; Commanded Speeds: 0.0, 0.0, 0.0, 0.0, 0.0, 0.3490658503988659, 0.0; Commanded Accelerations: 0, 0, 0, 0, 0, 0, 0
26, 47723.059471, Actual Angles: 3.1415927410125732, 0.0, -1.5707963705062866, 0.0, 0.0, 0.27961599826812744, 0.0; Actual Speeds: 0.0, 0.0, 0.0, 0.0, 0.0, 0.3440000116825104, 0.0; Actual Efforts: -7.046477549010888e-05, -15.51346206665039, -12.16109848022461, -0.18389438092708588, -0.5656965970993042, -0.36872366070747375, 0.0; Actual Accelerations: 0.0, 0.0, 0.0, 0.0, 0.0, 0.0, 0.0; Commanded Angles: 0.0, 0.0, 0.0, 0.0, 0.0, 0.28784416758178455, 0.0; Commanded Speeds: 0.0, 0.0, 0.0, 0.0, 0.0, 0.3490658503988659, 0.0; Commanded Accelerations: 0, 0, 0, 0, 0, 0, 0
27, 47723.093451, Actual Angles: 3.1415927410125732, 0.0, -1.5707963705062866, 0.0, 0.0, 0.2921600043773651, 0.0; Actual Speeds: 0.0, 0.0, 0.0, 0.0, 0.0, 0.35199999809265137, 0.0; Actual Efforts: -0.00012947656796313822, -15.51367473602295, -12.161288261413574, -0.18386608362197876, -0.5657356977462769, -0.4223966598510742, 0.0; Actual Accelerations: 0.0, 0.0, 0.0, 0.0, 0.0, 0.0, 0.0; Commanded Angles: 0.0, 0.0, 0.0, 0.0, 0.0, 0.2997055138424031, 0.0; Commanded Speeds: 0.0, 0.0, 0.0, 0.0, 0.0, 0.3490658503988659, 0.0; Commanded Accelerations: 0, 0, 0, 0, 0, 0, 0
28, 47723.126683, Actual Angles: 3.1415927410125732, 0.0, -1.5707963705062866, 0.0, 0.0, 0.3032959997653961, 0.0; Actual Speeds: 0.0, 0.0, 0.0, 0.0, 0.0, 0.35199999809265137, 0.0; Actual Efforts: -0.00013091290020383894, -15.513669967651367, -12.161284446716309, -0.18390046060085297, -0.5657349228858948, -0.21806885302066803, 0.0; Actual Accelerations: 0.0, 0.0, 0.0, 0.0, 0.0, 0.0, 0.0; Commanded Angles: 0.0, 0.0, 0.0, 0.0, 0.0, 0.3113056111892098, 0.0; Commanded Speeds: 0.0, 0.0, 0.0, 0.0, 0.0, 0.3490658503988659, 0.0; Commanded Accelerations: 0, 0, 0, 0, 0, 0, 0
29, 47723.161074, Actual Angles: 3.1415927410125732, 0.0, -1.5707963705062866, 0.0, 0.0, 0.3158400058746338, 0.0; Actual Speeds: 0.0, 0.0, 0.0, 0.0, 0.0, 0.35199999809265137, 0.0; Actual Efforts: -0.00013112493616063148, -15.51366138458252, -12.161276817321777, -0.18394191563129425, -0.5657332539558411, -0.16597682237625122, 0.0; Actual Accelerations: 0.0, 0.0, 0.0, 0.0, 0.0, 0.0, 0.0; Commanded Angles: 0.0, 0.0, 0.0, 0.0, 0.0, 0.3233105051942475, 0.0; Commanded Speeds: 0.0, 0.0, 0.0, 0.0, 0.0, 0.3490658503988659, 0.0; Commanded Accelerations: 0, 0, 0, 0, 0, 0, 0
30, 47723.194218, Actual Angles: 3.1415927410125732, 0.0, -1.5707963705062866, 0.0, 0.0, 0.3269760012626648, 0.0; Actual Speeds: 0.0, 0.0, 0.0, 0.0, 0.0, 0.35199999809265137, 0.0; Actual Efforts: -0.00012778725067619234, -15.513642311096191, -12.161259651184082, -0.1839836984872818, -0.5657297968864441, -0.08024005591869354, 0.0; Actual Accelerations: 0.0, 0.0, 0.0, 0.0, 0.0, 0.0, 0.0; Commanded Angles: 0.0, 0.0, 0.0, 0.0, 0.0, 0.3348797608297064, 0.0; Commanded Speeds: 0.0, 0.0, 0.0, 0.0, 0.0, 0.3490658503988659, 0.0; Commanded Accelerations: 0, 0, 0, 0, 0, 0, 0
31, 47723.228727, Actual Angles: 3.1415927410125732, 0.0, -1.5707963705062866, 0.0, 0.0, 0.3394879996776581, 0.0; Actual Speeds: 0.0, 0.0, 0.0, 0.0, 0.0, 0.3440000116825104, 0.0; Actual Efforts: -0.00014261096657719463, -15.513679504394531, -12.16129207611084, -0.18401414155960083, -0.5657365322113037, -0.31865179538726807, 0.0; Actual Accelerations: 0.0, 0.0, 0.0, 0.0, 0.0, 0.0, 0.0; Commanded Angles: 0.0, 0.0, 0.0, 0.0, 0.0, 0.34692582261430926, 0.0; Commanded Speeds: 0.0, 0.0, 0.0, 0.0, 0.0, 0.3490658503988659, 0.0; Commanded Accelerations: 0, 0, 0, 0, 0, 0, 0
32, 47723.260945, Actual Angles: 3.1415927410125732, 0.0, -1.5707963705062866, 0.0, 0.0, 0.3506239950656891, 0.0; Actual Speeds: 0.0, 0.0, 0.0, 0.0, 0.0, 0.3440000116825104, 0.0; Actual Efforts: -6.812869105488062e-05, -15.513449668884277, -12.161087989807129, -0.18412570655345917, -0.565694272518158, -0.25232842564582825, 0.0; Actual Accelerations: 0.0, 0.0, 0.0, 0.0, 0.0, 0.0, 0.0; Commanded Angles: 0.0, 0.0, 0.0, 0.0, 0.0, 0.3581718380375794, 0.0; Commanded Speeds: 0.0, 0.0, 0.0, 0.0, 0.0, 0.3490658503988659, 0.0; Commanded Accelerations: 0, 0, 0, 0, 0, 0, 0
33, 47723.294386, Actual Angles: 3.1415927410125732, 0.0, -1.5707963705062866, 0.0, 0.0, 0.3617599904537201, 0.0; Actual Speeds: 0.0, 0.0, 0.0, 0.0, 0.0, 0.3440000116825104, 0.0; Actual Efforts: -0.00012869815691374242, -15.513623237609863, -12.161242485046387, -0.18411093950271606, -0.5657261610031128, -0.14867137372493744, 0.0; Actual Accelerations: 0.0, 0.0, 0.0, 0.0, 0.0, 0.0, 0.0; Commanded Angles: 0.0, 0.0, 0.0, 0.0, 0.0, 0.36984506084051355, 0.0; Commanded Speeds: 0.0, 0.0, 0.0, 0.0, 0.0, 0.3490658503988659, 0.0; Commanded Accelerations: 0, 0, 0, 0, 0, 0, 0
34, 47723.329135, Actual Angles: 3.1415927410125732, 0.0, -1.5707963705062866, 0.0, 0.0, 0.3742719888687134, 0.0; Actual Speeds: 0.0, 0.0, 0.0, 0.0, 0.0, 0.3440000116825104, 0.0; Actual Efforts: -5.906775186304003e-05, -15.51342487335205, -12.161066055297852, -0.1842217594385147, -0.5656896829605103, -0.3524722158908844, 0.0; Actual Accelerations: 0.0, 0.0, 0.0, 0.0, 0.0, 0.0, 0.0; Commanded Angles: 0.0, 0.0, 0.0, 0.0, 0.0, 0.38197455494866156, 0.0; Commanded Speeds: 0.0, 0.0, 0.0, 0.0, 0.0, 0.3490658503988659, 0.0; Commanded Accelerations: 0, 0, 0, 0, 0, 0, 0
35, 47723.362427, Actual Angles: 3.1415927410125732, 0.0, -1.5707963705062866, 0.0, 0.0, 0.3854080140590668, 0.0; Actual Speeds: 0.0, 0.0, 0.0, 0.0, 0.0, 0.3440000116825104, 0.0; Actual Efforts: -5.474675344885327e-05, -15.51341438293457, -12.161056518554688, -0.18426866829395294, -0.5656877756118774, -0.14770522713661194, 0.0; Actual Accelerations: 0.0, 0.0, 0.0, 0.0, 0.0, 0.0, 0.0; Commanded Angles: 0.0, 0.0, 0.0, 0.0, 0.0, 0.39359595997412966, 0.0; Commanded Speeds: 0.0, 0.0, 0.0, 0.0, 0.0, 0.3490658503988659, 0.0; Commanded Accelerations: 0, 0, 0, 0, 0, 0, 0
36, 47723.395354, Actual Angles: 3.1415927410125732, 0.0, -1.5707963705062866, 0.0, 0.0, 0.3965440094470978, 0.0; Actual Speeds: 0.0, 0.0, 0.0, 0.0, 0.0, 0.3440000116825104, 0.0; Actual Efforts: -5.8298166550230235e-05, -15.513423919677734, -12.161065101623535, -0.1843102127313614, -0.5656896233558655, 0.09017951786518097, 0.0; Actual Accelerations: 0.0, 0.0, 0.0, 0.0, 0.0, 0.0, 0.0; Commanded Angles: 0.0, 0.0, 0.0, 0.0, 0.0, 0.4050893464963196, 0.0; Commanded Speeds: 0.0, 0.0, 0.0, 0.0, 0.0, 0.3490658503988659, 0.0; Commanded Accelerations: 0, 0, 0, 0, 0, 0, 0
37, 47723.429620, Actual Angles: 3.1415927410125732, 0.0, -1.5707963705062866, 0.0, 0.0, 0.40908798575401306, 0.0; Actual Speeds: 0.0, 0.0, 0.0, 0.0, 0.0, 0.35199999809265137, 0.0; Actual Efforts: 2.467797094141133e-05, -15.513226509094238, -12.160889625549316, -0.1844286322593689, -0.565653383731842, -0.04378727450966835, 0.0; Actual Accelerations: 0.0, 0.0, 0.0, 0.0, 0.0, 0.0, 0.0; Commanded Angles: 0.0, 0.0, 0.0, 0.0, 0.0, 0.41705051721217035, 0.0; Commanded Speeds: 0.0, 0.0, 0.0, 0.0, 0.0, 0.3490658503988659, 0.0; Commanded Accelerations: 0, 0, 0, 0, 0, 0, 0
38, 47723.463511, Actual Angles: 3.1415927410125732, 0.0, -1.5707963705062866, 0.0, 0.0, 0.42022401094436646, 0.0; Actual Speeds: 0.0, 0.0, 0.0, 0.0, 0.0, 0.35199999809265137, 0.0; Actual Efforts: 3.207463669241406e-05, -15.513216018676758, -12.160880088806152, -0.1844807267189026, -0.5656513571739197, -0.1964622288942337, 0.0; Actual Accelerations: 0.0, 0.0, 0.0, 0.0, 0.0, 0.0, 0.0; Commanded Angles: 0.0, 0.0, 0.0, 0.0, 0.0, 0.4288807802047127, 0.0; Commanded Speeds: 0.0, 0.0, 0.0, 0.0, 0.0, 0.3490658503988659, 0.0; Commanded Accelerations: 0, 0, 0, 0, 0, 0, 0
39, 47723.496164, Actual Angles: 3.1415927410125732, 0.0, -1.5707963705062866, 0.0, 0.0, 0.43136000633239746, 0.0; Actual Speeds: 0.0, 0.0, 0.0, 0.0, 0.0, 0.35199999809265137, 0.0; Actual Efforts: 2.4358871087315492e-05, -15.513240814208984, -12.16090202331543, -0.18452799320220947, -0.5656558871269226, -0.2825503349304199, 0.0; Actual Accelerations: 0.0, 0.0, 0.0, 0.0, 0.0, 0.0, 0.0; Commanded Angles: 0.0, 0.0, 0.0, 0.0, 0.0, 0.4402786664975062, 0.0; Commanded Speeds: 0.0, 0.0, 0.0, 0.0, 0.0, 0.3490658503988659, 0.0; Commanded Accelerations: 0, 0, 0, 0, 0, 0, 0
40, 47723.529664, Actual Angles: 3.1415927410125732, 0.0, -1.5707963705062866, 0.0, 0.0, 0.44390401244163513, 0.0; Actual Speeds: 0.0, 0.0, 0.0, 0.0, 0.0, 0.35199999809265137, 0.0; Actual Efforts: 2.4411552658420987e-05, -15.513245582580566, -12.160906791687012, -0.1845771223306656, -0.5656569004058838, -0.3001192808151245, 0.0; Actual Accelerations: 0.0, 0.0, 0.0, 0.0, 0.0, 0.0, 0.0; Commanded Angles: 0.0, 0.0, 0.0, 0.0, 0.0, 0.45197248348906466, 0.0; Commanded Speeds: 0.0, 0.0, 0.0, 0.0, 0.0, 0.3490658503988659, 0.0; Commanded Accelerations: 0, 0, 0, 0, 0, 0, 0
41, 47723.564921, Actual Angles: 3.1415927410125732, 0.0, -1.5707963705062866, 0.0, 0.0, 0.4564160108566284, 0.0; Actual Speeds: 0.0, 0.0, 0.0, 0.0, 0.0, 0.3440000116825104, 0.0; Actual Efforts: 3.910950181307271e-05, -15.513221740722656, -12.160884857177734, -0.18464434146881104, -0.5656523704528809, -0.1275039166212082, 0.0; Actual Accelerations: 0.0, 0.0, 0.0, 0.0, 0.0, 0.0, 0.0; Commanded Angles: 0.0, 0.0, 0.0, 0.0, 0.0, 0.46427941719399834, 0.0; Commanded Speeds: 0.0, 0.0, 0.0, 0.0, 0.0, 0.3490658503988659, 0.0; Commanded Accelerations: 0, 0, 0, 0, 0, 0, 0
42, 47723.597479, Actual Angles: 3.1415927410125732, 0.0, -1.5707963705062866, 0.0, 0.0, 0.4675520062446594, 0.0; Actual Speeds: 0.0, 0.0, 0.0, 0.0, 0.0, 0.3440000116825104, 0.0; Actual Efforts: 2.733358633122407e-05, -15.513252258300781, -12.16091251373291, -0.18468739092350006, -0.5656580328941345, -0.29801133275032043, 0.0; Actual Accelerations: 0.0, 0.0, 0.0, 0.0, 0.0, 0.0, 0.0; Commanded Angles: 0.0, 0.0, 0.0, 0.0, 0.0, 0.4756443289805729, 0.0; Commanded Speeds: 0.0, 0.0, 0.0, 0.0, 0.0, 0.3490658503988659, 0.0; Commanded Accelerations: 0, 0, 0, 0, 0, 0, 0
43, 47723.631182, Actual Angles: 3.1415927410125732, 0.0, -1.5707963705062866, 0.0, 0.0, 0.47868800163269043, 0.0; Actual Speeds: 0.0, 0.0, 0.0, 0.0, 0.0, 0.3440000116825104, 0.0; Actual Efforts: 2.2680496840621345e-05, -15.513265609741211, -12.160924911499023, -0.1847374588251114, -0.5656605362892151, -0.40193185210227966, 0.0; Actual Accelerations: 0.0, 0.0, 0.0, 0.0, 0.0, 0.0, 0.0; Commanded Angles: 0.0, 0.0, 0.0, 0.0, 0.0, 0.48740913654060203, 0.0; Commanded Speeds: 0.0, 0.0, 0.0, 0.0, 0.0, 0.3490658503988659, 0.0; Commanded Accelerations: 0, 0, 0, 0, 0, 0, 0
44, 47723.664960, Actual Angles: 3.1415927410125732, 0.0, -1.5707963705062866, 0.0, 0.0, 0.4912000000476837, 0.0; Actual Speeds: 0.0, 0.0, 0.0, 0.0, 0.0, 0.3440000116825104, 0.0; Actual Efforts: -7.38346207072027e-05, -15.513456344604492, -12.161093711853027, -0.18473346531391144, -0.5656955242156982, -0.3372747004032135, 0.0; Actual Accelerations: 0.0, 0.0, 0.0, 0.0, 0.0, 0.0, 0.0; Commanded Angles: 0.0, 0.0, 0.0, 0.0, 0.0, 0.49919975368110064, 0.0; Commanded Speeds: 0.0, 0.0, 0.0, 0.0, 0.0, 0.3490658503988659, 0.0; Commanded Accelerations: 0, 0, 0, 0, 0, 0, 0
45, 47723.698414, Actual Angles: 3.1415927410125732, 0.0, -1.5707963705062866, 0.0, 0.0, 0.5023360252380371, 0.0; Actual Speeds: 0.0, 0.0, 0.0, 0.0, 0.0, 0.3440000116825104, 0.0; Actual Efforts: -6.350908370222896e-05, -15.513435363769531, -12.161075592041016, -0.1847977638244629, -0.5656917691230774, -0.1158171072602272, 0.0; Actual Accelerations: 0.0, 0.0, 0.0, 0.0, 0.0, 0.0, 0.0; Commanded Angles: 0.0, 0.0, 0.0, 0.0, 0.0, 0.5108775230683389, 0.0; Commanded Speeds: 0.0, 0.0, 0.0, 0.0, 0.0, 0.3490658503988659, 0.0; Commanded Accelerations: 0, 0, 0, 0, 0, 0, 0
46, 47723.731732, Actual Angles: 3.1415927410125732, 0.0, -1.5707963705062866, 0.0, 0.0, 0.5134720206260681, 0.0; Actual Speeds: 0.0, 0.0, 0.0, 0.0, 0.0, 0.3440000116825104, 0.0; Actual Efforts: -5.3488263802137226e-05, -15.51341724395752, -12.161059379577637, -0.1848626583814621, -0.56568843126297, -0.18143780529499054, 0.0; Actual Accelerations: 0.0, 0.0, 0.0, 0.0, 0.0, 0.0, 0.0; Commanded Angles: 0.0, 0.0, 0.0, 0.0, 0.0, 0.5225077091960831, 0.0; Commanded Speeds: 0.0, 0.0, 0.0, 0.0, 0.0, 0.3490658503988659, 0.0; Commanded Accelerations: 0, 0, 0, 0, 0, 0, 0
47, 47723.767102, Actual Angles: 3.1415927410125732, 0.0, -1.5707963705062866, 0.0, 0.0, 0.5260159969329834, 0.0; Actual Speeds: 0.0, 0.0, 0.0, 0.0, 0.0, 0.35199999809265137, 0.0; Actual Efforts: -7.237345562316477e-05, -15.51345157623291, -12.161089897155762, -0.1849239021539688, -0.5656947493553162, -0.3522087037563324, 0.0; Actual Accelerations: 0.0, 0.0, 0.0, 0.0, 0.0, 0.0, 0.0; Commanded Angles: 0.0, 0.0, 0.0, 0.0, 0.0, 0.5348540520854247, 0.0; Commanded Speeds: 0.0, 0.0, 0.0, 0.0, 0.0, 0.3490658503988659, 0.0; Commanded Accelerations: 0, 0, 0, 0, 0, 0, 0
48, 47723.798401, Actual Angles: 3.1415927410125732, 0.0, -1.5707963705062866, 0.0, 0.0, 0.5371519923210144, 0.0; Actual Speeds: 0.0, 0.0, 0.0, 0.0, 0.0, 0.35199999809265137, 0.0; Actual Efforts: -7.352131069637835e-05, -15.513452529907227, -12.161090850830078, -0.18497714400291443, -0.5656948685646057, -0.218947172164917, 0.0; Actual Accelerations: 0.0, 0.0, 0.0, 0.0, 0.0, 0.0, 0.0; Commanded Angles: 0.0, 0.0, 0.0, 0.0, 0.0, 0.5457795828195385, 0.0; Commanded Speeds: 0.0, 0.0, 0.0, 0.0, 0.0, 0.3490658503988659, 0.0; Commanded Accelerations: 0, 0, 0, 0, 0, 0, 0
49, 47723.833349, Actual Angles: 3.1415927410125732, 0.0, -1.5707963705062866, 0.0, 0.0, 0.5496960282325745, 0.0; Actual Speeds: 0.0, 0.0, 0.0, 0.0, 0.0, 0.35199999809265137, 0.0; Actual Efforts: -4.054936289321631e-05, -15.513395309448242, -12.161040306091309, -0.18506833910942078, -0.5656843781471252, -0.11520228534936905, 0.0; Actual Accelerations: 0.0, 0.0, 0.0, 0.0, 0.0, 0.0, 0.0; Commanded Angles: 0.0, 0.0, 0.0, 0.0, 0.0, 0.5579787651307975, 0.0; Commanded Speeds: 0.0, 0.0, 0.0, 0.0, 0.0, 0.3490658503988659, 0.0; Commanded Accelerations: 0, 0, 0, 0, 0, 0, 0
50, 47723.865703, Actual Angles: 3.1415927410125732, 0.0, -1.5707963705062866, 0.0, 0.0, 0.5608320236206055, 0.0; Actual Speeds: 0.0, 0.0, 0.0, 0.0, 0.0, 0.35199999809265137, 0.0; Actual Efforts: -4.306106347939931e-05, -15.51340103149414, -12.16104507446289, -0.1851300448179245, -0.5656853914260864, -0.26655977964401245, 0.0; Actual Accelerations: 0.0, 0.0, 0.0, 0.0, 0.0, 0.0, 0.0; Commanded Angles: 0.0, 0.0, 0.0, 0.0, 0.0, 0.5692721624032673, 0.0; Commanded Speeds: 0.0, 0.0, 0.0, 0.0, 0.0, 0.3490658503988659, 0.0; Commanded Accelerations: 0, 0, 0, 0, 0, 0, 0
51, 47723.899567, Actual Angles: 3.1415927410125732, 0.0, -1.5707963705062866, 0.0, 0.0, 0.5719680190086365, 0.0; Actual Speeds: 0.0, 0.0, 0.0, 0.0, 0.0, 0.35199999809265137, 0.0; Actual Efforts: -6.158808537293226e-05, -15.513431549072266, -12.16107177734375, -0.18518301844596863, -0.5656909346580505, -0.23502297699451447, 0.0; Actual Accelerations: 0.0, 0.0, 0.0, 0.0, 0.0, 0.0, 0.0; Commanded Angles: 0.0, 0.0, 0.0, 0.0, 0.0, 0.581093023655618, 0.0; Commanded Speeds: 0.0, 0.0, 0.0, 0.0, 0.0, 0.3490658503988659, 0.0; Commanded Accelerations: 0, 0, 0, 0, 0, 0, 0
52, 47723.933499, Actual Angles: 3.1415927410125732, 0.0, -1.5707963705062866, 0.0, 0.0, 0.5844799876213074, 0.0; Actual Speeds: 0.0, 0.0, 0.0, 0.0, 0.0, 0.3440000116825104, 0.0; Actual Efforts: -0.0001695289829513058, -15.513604164123535, -12.161225318908691, -0.18518880009651184, -0.5657227039337158, -0.11406046897172928, 0.0; Actual Accelerations: 0.0, 0.0, 0.0, 0.0, 0.0, 0.0, 0.0; Commanded Angles: 0.0, 0.0, 0.0, 0.0, 0.0, 0.592937622084654, 0.0; Commanded Speeds: 0.0, 0.0, 0.0, 0.0, 0.0, 0.3490658503988659, 0.0; Commanded Accelerations: 0, 0, 0, 0, 0, 0, 0
53, 47723.967493, Actual Angles: 3.1415927410125732, 0.0, -1.5707963705062866, 0.0, 0.0, 0.5956159830093384, 0.0; Actual Speeds: 0.0, 0.0, 0.0, 0.0, 0.0, 0.3440000116825104, 0.0; Actual Efforts: -0.00017736630979925394, -15.513611793518066, -12.161231994628906, -0.1852520853281021, -0.5657241344451904, -0.23326633870601654, 0.0; Actual Accelerations: 0.0, 0.0, 0.0, 0.0, 0.0, 0.0, 0.0; Commanded Angles: 0.0, 0.0, 0.0, 0.0, 0.0, 0.6048037645069567, 0.0; Commanded Speeds: 0.0, 0.0, 0.0, 0.0, 0.0, 0.3490658503988659, 0.0; Commanded Accelerations: 0, 0, 0, 0, 0, 0, 0
54, 47724.000120, Actual Angles: 3.1415927410125732, 0.0, -1.5707963705062866, 0.0, 0.0, 0.6067519783973694, 0.0; Actual Speeds: 0.0, 0.0, 0.0, 0.0, 0.0, 0.3440000116825104, 0.0; Actual Efforts: -0.00017034763004630804, -15.513595581054688, -12.161218643188477, -0.1853341907262802, -0.5657212138175964, -0.2338811606168747, 0.0; Actual Accelerations: 0.0, 0.0, 0.0, 0.0, 0.0, 0.0, 0.0; Commanded Angles: 0.0, 0.0, 0.0, 0.0, 0.0, 0.6161927855771447, 0.0; Commanded Speeds: 0.0, 0.0, 0.0, 0.0, 0.0, 0.3490658503988659, 0.0; Commanded Accelerations: 0, 0, 0, 0, 0, 0, 0
55, 47724.034285, Actual Angles: 3.1415927410125732, 0.0, -1.5707963705062866, 0.0, 0.0, 0.6192640066146851, 0.0; Actual Speeds: 0.0, 0.0, 0.0, 0.0, 0.0, 0.3440000116825104, 0.0; Actual Efforts: -0.0001754980330588296, -15.513599395751953, -12.161221504211426, -0.1854015588760376, -0.565721869468689, -0.33499109745025635, 0.0; Actual Accelerations: 0.0, 0.0, 0.0, 0.0, 0.0, 0.0, 0.0; Commanded Angles: 0.0, 0.0, 0.0, 0.0, 0.0, 0.6281184196432276, 0.0; Commanded Speeds: 0.0, 0.0, 0.0, 0.0, 0.0, 0.3490658503988659, 0.0; Commanded Accelerations: 0, 0, 0, 0, 0, 0, 0
56, 47724.069447, Actual Angles: 3.1415927410125732, 0.0, -1.5707963705062866, 0.0, 0.0, 0.6318079829216003, 0.0; Actual Speeds: 0.0, 0.0, 0.0, 0.0, 0.0, 0.35199999809265137, 0.0; Actual Efforts: -0.00018707082199398428, -15.513611793518066, -12.161231994628906, -0.18547511100769043, -0.5657240748405457, -0.4202008843421936, 0.0; Actual Accelerations: 0.0, 0.0, 0.0, 0.0, 0.0, 0.0, 0.0; Commanded Angles: 0.0, 0.0, 0.0, 0.0, 0.0, 0.6403921851094281, 0.0; Commanded Speeds: 0.0, 0.0, 0.0, 0.0, 0.0, 0.3490658503988659, 0.0; Commanded Accelerations: 0, 0, 0, 0, 0, 0, 0
57, 47724.101134, Actual Angles: 3.1415927410125732, 0.0, -1.5707963705062866, 0.0, 0.0, 0.6429439783096313, 0.0; Actual Speeds: 0.0, 0.0, 0.0, 0.0, 0.0, 0.35199999809265137, 0.0; Actual Efforts: -0.0001774859701981768, -15.513593673706055, -12.161216735839844, -0.18555347621440887, -0.5657208561897278, -0.09684284776449203, 0.0; Actual Accelerations: 0.0, 0.0, 0.0, 0.0, 0.0, 0.0, 0.0; Commanded Angles: 0.0, 0.0, 0.0, 0.0, 0.0, 0.6514533226908417, 0.0; Commanded Speeds: 0.0, 0.0, 0.0, 0.0, 0.0, 0.3490658503988659, 0.0; Commanded Accelerations: 0, 0, 0, 0, 0, 0, 0
58, 47724.134813, Actual Angles: 3.1415927410125732, 0.0, -1.5707963705062866, 0.0, 0.0, 0.6540799736976624, 0.0; Actual Speeds: 0.0, 0.0, 0.0, 0.0, 0.0, 0.35199999809265137, 0.0; Actual Efforts: -0.00019880180479958653, -15.513619422912598, -12.161238670349121, -0.1856154054403305, -0.5657254457473755, -0.36942633986473083, 0.0; Actual Accelerations: 0.0, 0.0, 0.0, 0.0, 0.0, 0.0, 0.0; Commanded Angles: 0.0, 0.0, 0.0, 0.0, 0.0, 0.6632095376466052, 0.0; Commanded Speeds: 0.0, 0.0, 0.0, 0.0, 0.0, 0.3490658503988659, 0.0; Commanded Accelerations: 0, 0, 0, 0, 0, 0, 0
59, 47724.168491, Actual Angles: 3.1415927410125732, 0.0, -1.5707963705062866, 0.0, 0.0, 0.6666240096092224, 0.0; Actual Speeds: 0.0, 0.0, 0.0, 0.0, 0.0, 0.35199999809265137, 0.0; Actual Efforts: -7.114632171578705e-05, -15.513442039489746, -12.161081314086914, -0.18577347695827484, -0.5656929612159729, -0.45665624737739563, 0.0; Actual Accelerations: 0.0, 0.0, 0.0, 0.0, 0.0, 0.0, 0.0; Commanded Angles: 0.0, 0.0, 0.0, 0.0, 0.0, 0.6749651619822113, 0.0; Commanded Speeds: 0.0, 0.0, 0.0, 0.0, 0.0, 0.3490658503988659, 0.0; Commanded Accelerations: 0, 0, 0, 0, 0, 0, 0
60, 47724.205332, Actual Angles: 3.1415927410125732, 0.0, -1.5707963705062866, 0.0, 0.0, 0.6791359782218933, 0.0; Actual Speeds: 0.0, 0.0, 0.0, 0.0, 0.0, 0.3440000116825104, 0.0; Actual Efforts: 7.599655509693548e-05, -15.51325511932373, -12.16091537475586, -0.18594077229499817, -0.5656586289405823, -0.21438251435756683, 0.0; Actual Accelerations: 0.0, 0.0, 0.0, 0.0, 0.0, 0.0, 0.0; Commanded Angles: 0.0, 0.0, 0.0, 0.0, 0.0, 0.6878251695820357, 0.0; Commanded Speeds: 0.0, 0.0, 0.0, 0.0, 0.0, 0.3490658503988659, 0.0; Commanded Accelerations: 0, 0, 0, 0, 0, 0, 0
61, 47724.236158, Actual Angles: 3.1415927410125732, 0.0, -1.5707963705062866, 0.0, 0.0, 0.6902719736099243, 0.0; Actual Speeds: 0.0, 0.0, 0.0, 0.0, 0.0, 0.3440000116825104, 0.0; Actual Efforts: 7.045639358693734e-05, -15.513265609741211, -12.160924911499023, -0.18601420521736145, -0.5656605362892151, -0.4701875150203705, 0.0; Actual Accelerations: 0.0, 0.0, 0.0, 0.0, 0.0, -8.276744166264502, 0.0; Commanded Angles: 0.0, 0.0, 0.0, 0.0, 0.0, 0.6985856183490293, 0.0; Commanded Speeds: 0.0, 0.0, 0.0, 0.0, 0.0, 0.3490658503988659, 0.0; Commanded Accelerations: 0, 0, 0, 0, 0, 0, 0
62, 47724.269422, Actual Angles: 3.1415927410125732, 0.0, -1.5707963705062866, 0.0, 0.0, 0.7014080286026001, 0.0; Actual Speeds: 0.0, 0.0, 0.0, 0.0, 0.0, 0.3440000116825104, 0.0; Actual Efforts: 9.917122952174395e-05, -15.51323413848877, -12.160896301269531, -0.18610723316669464, -0.5656546950340271, -0.21411901712417603, 0.0; Actual Accelerations: 0.0, 0.0, 0.0, 0.0, 0.0, 0.0, 0.0; Commanded Angles: 0.0, 0.0, 0.0, 0.0, 0.0, 0.7101966854403889, 0.0; Commanded Speeds: 0.0, 0.0, 0.0, 0.0, 0.0, 0.3490658503988659, 0.0; Commanded Accelerations: 0, 0, 0, 0, 0, 0, 0
63, 47724.302555, Actual Angles: 3.1415927410125732, 0.0, -1.5707963705062866, 0.0, 0.0, 0.7125440239906311, 0.0; Actual Speeds: 0.0, 0.0, 0.0, 0.0, 0.0, 0.3440000116825104, 0.0; Actual Efforts: 0.00010384030611021444, -15.513233184814453, -12.160895347595215, -0.18618769943714142, -0.5656545162200928, -0.14349189400672913, 0.0; Actual Accelerations: 0.0, 0.0, 0.0, 0.0, 0.0, 0.0, 0.0; Commanded Angles: 0.0, 0.0, 0.0, 0.0, 0.0, 0.7217622217793369, 0.0; Commanded Speeds: 0.0, 0.0, 0.0, 0.0, 0.0, 0.3490658503988659, 0.0; Commanded Accelerations: 0, 0, 0, 0, 0, 0, 0
64, 47724.336665, Actual Angles: 3.1415927410125732, 0.0, -1.5707963705062866, 0.0, 0.0, 0.725055992603302, 0.0; Actual Speeds: 0.0, 0.0, 0.0, 0.0, 0.0, 0.3440000116825104, 0.0; Actual Efforts: 8.172693196684122e-05, -15.513263702392578, -12.16092300415039, -0.18626493215560913, -0.5656601190567017, -0.1802985966205597, 0.0; Actual Accelerations: 0.0, 0.0, 0.0, 0.0, 0.0, 0.0, 0.0; Commanded Angles: 0.0, 0.0, 0.0, 0.0, 0.0, 0.7336688760884874, 0.0; Commanded Speeds: 0.0, 0.0, 0.0, 0.0, 0.0, 0.3490658503988659, 0.0; Commanded Accelerations: 0, 0, 0, 0, 0, 0, 0
65, 47724.371341, Actual Angles: 3.1415927410125732, 0.0, -1.5707963705062866, 0.0, 0.0, 0.736191987991333, 0.0; Actual Speeds: 0.0, 0.0, 0.0, 0.0, 0.0, 0.3440000116825104, 0.0; Actual Efforts: 0.00011652420653263107, -15.513226509094238, -12.160889625549316, -0.18636442720890045, -0.565653383731842, -0.12820658087730408, 0.0; Actual Accelerations: 0.0, 0.0, 0.0, 0.0, 0.0, 0.0, 0.0; Commanded Angles: 0.0, 0.0, 0.0, 0.0, 0.0, 0.7457733048249431, 0.0; Commanded Speeds: 0.0, 0.0, 0.0, 0.0, 0.0, 0.3490658503988659, 0.0; Commanded Accelerations: 0, 0, 0, 0, 0, 0, 0
66, 47724.404083, Actual Angles: 3.1415927410125732, 0.0, -1.5707963705062866, 0.0, 0.0, 0.747327983379364, 0.0; Actual Speeds: 0.0, 0.0, 0.0, 0.0, 0.0, 0.35199999809265137, 0.0; Actual Efforts: 0.00010677145473891869, -15.513242721557617, -12.160903930664062, -0.18645079433918, -0.5656562447547913, -0.17924460768699646, 0.0; Actual Accelerations: 0.0, 0.0, 0.0, 0.0, 0.0, 10.97980733989461, 0.0; Commanded Angles: 0.0, 0.0, 0.0, 0.0, 0.0, 0.7572024258791071, 0.0; Commanded Speeds: 0.0, 0.0, 0.0, 0.0, 0.0, 0.3490658503988659, 0.0; Commanded Accelerations: 0, 0, 0, 0, 0, 0, 0
67, 47724.436815, Actual Angles: 3.1415927410125732, 0.0, -1.5707963705062866, 0.0, 0.0, 0.7598720192909241, 0.0; Actual Speeds: 0.0, 0.0, 0.0, 0.0, 0.0, 0.35199999809265137, 0.0; Actual Efforts: 0.00010529559949645773, -15.513248443603516, -12.160908699035645, -0.18653292953968048, -0.5656572580337524, -0.17985942959785461, 0.0; Actual Accelerations: 0.0, 0.0, 0.0, 0.0, 0.0, 0.0, 0.0; Commanded Angles: 0.0, 0.0, 0.0, 0.0, 0.0, 0.768627847883953, 0.0; Commanded Speeds: 0.0, 0.0, 0.0, 0.0, 0.0, 0.3490658503988659, 0.0; Commanded Accelerations: 0, 0, 0, 0, 0, 0, 0
68, 47724.470697, Actual Angles: 3.1415927410125732, 0.0, -1.5707963705062866, 0.0, 0.0, 0.7710080146789551, 0.0; Actual Speeds: 0.0, 0.0, 0.0, 0.0, 0.0, 0.35199999809265137, 0.0; Actual Efforts: 0.00010327778727514669, -15.513254165649414, -12.160914421081543, -0.1866154968738556, -0.5656583905220032, -0.025867002084851265, 0.0; Actual Accelerations: 0.0, 0.0, 0.0, 0.0, 0.0, 0.0, 0.0; Commanded Angles: 0.0, 0.0, 0.0, 0.0, 0.0, 0.7804549937180818, 0.0; Commanded Speeds: 0.0, 0.0, 0.0, 0.0, 0.0, 0.3490658503988659, 0.0; Commanded Accelerations: 0, 0, 0, 0, 0, 0, 0
69, 47724.505346, Actual Angles: 3.1415927410125732, 0.0, -1.5707963705062866, 0.0, 0.0, 0.7835519909858704, 0.0; Actual Speeds: 0.0, 0.0, 0.0, 0.0, 0.0, 0.35199999809265137, 0.0; Actual Efforts: -6.41103761154227e-05, -15.51343059539795, -12.161070823669434, -0.1866280883550644, -0.5656907558441162, -0.18275529146194458, 0.0; Actual Accelerations: 0.0, 0.0, 0.0, 0.0, 0.0, 0.0, 0.0; Commanded Angles: 0.0, 0.0, 0.0, 0.0, 0.0, 0.7925497742736043, 0.0; Commanded Speeds: 0.0, 0.0, 0.0, 0.0, 0.0, 0.3490658503988659, 0.0; Commanded Accelerations: 0, 0, 0, 0, 0, 0, 0
70, 47724.538414, Actual Angles: 3.1415927410125732, 0.0, -1.5707963705062866, 0.0, 0.0, 0.7946879863739014, 0.0; Actual Speeds: 0.0, 0.0, 0.0, 0.0, 0.0, 0.35199999809265137, 0.0; Actual Efforts: -6.596901221200824e-05, -15.513431549072266, -12.16107177734375, -0.186714306473732, -0.5656909346580505, -0.4221331775188446, 0.0; Actual Accelerations: 0.0, 0.0, 0.0, 0.0, 0.0, 0.0, 0.0; Commanded Angles: 0.0, 0.0, 0.0, 0.0, 0.0, 0.8040928178559561, 0.0; Commanded Speeds: 0.0, 0.0, 0.0, 0.0, 0.0, 0.3490658503988659, 0.0; Commanded Accelerations: 0, 0, 0, 0, 0, 0, 0
71, 47724.572835, Actual Angles: 3.1415927410125732, 0.0, -1.5707963705062866, 0.0, 0.0, 0.807200014591217, 0.0; Actual Speeds: 0.0, 0.0, 0.0, 0.0, 0.0, 0.3440000116825104, 0.0; Actual Efforts: -6.478356954175979e-05, -15.513429641723633, -12.161070823669434, -0.1868133842945099, -0.5656906962394714, -0.3023124933242798, 0.0; Actual Accelerations: 0.0, 0.0, 0.0, 0.0, 0.0, 0.0, 0.0; Commanded Angles: 0.0, 0.0, 0.0, 0.0, 0.0, 0.8161077970709246, 0.0; Commanded Speeds: 0.0, 0.0, 0.0, 0.0, 0.0, 0.3490658503988659, 0.0; Commanded Accelerations: 0, 0, 0, 0, 0, 0, 0
72, 47724.606986, Actual Angles: 3.1415927410125732, 0.0, -1.5707963705062866, 0.0, 0.0, 0.818336009979248, 0.0; Actual Speeds: 0.0, 0.0, 0.0, 0.0, 0.0, 0.3440000116825104, 0.0; Actual Efforts: -6.451611261582002e-05, -15.513429641723633, -12.161069869995117, -0.18690265715122223, -0.5656905174255371, -0.25232842564582825, 0.0; Actual Accelerations: 0.0, 0.0, 0.0, 0.0, 0.0, 0.0, 0.0; Commanded Angles: 0.0, 0.0, 0.0, 0.0, 0.0, 0.8280288339398014, 0.0; Commanded Speeds: 0.0, 0.0, 0.0, 0.0, 0.0, 0.3490658503988659, 0.0; Commanded Accelerations: 0, 0, 0, 0, 0, 0, 0
73, 47724.639561, Actual Angles: 3.1415927410125732, 0.0, -1.5707963705062866, 0.0, 0.0, 0.829472005367279, 0.0; Actual Speeds: 0.0, 0.0, 0.0, 0.0, 0.0, 0.3440000116825104, 0.0; Actual Efforts: -4.332822936703451e-05, -15.513408660888672, -12.161051750183105, -0.18700328469276428, -0.5656867623329163, -0.13224424421787262, 0.0; Actual Accelerations: 0.0, 0.0, 0.0, 0.0, 0.0, 0.0, 0.0; Commanded Angles: 0.0, 0.0, 0.0, 0.0, 0.0, 0.8393996491316416, 0.0; Commanded Speeds: 0.0, 0.0, 0.0, 0.0, 0.0, 0.3490658503988659, 0.0; Commanded Accelerations: 0, 0, 0, 0, 0, 0, 0
74, 47724.672591, Actual Angles: 3.1415927410125732, 0.0, -1.5707963705062866, 0.0, 0.0, 0.8406080007553101, 0.0; Actual Speeds: 0.0, 0.0, 0.0, 0.0, 0.0, 0.3440000116825104, 0.0; Actual Efforts: -6.290512828854844e-05, -15.513426780700684, -12.161067962646484, -0.18709546327590942, -0.5656901597976685, -0.33595722913742065, 0.0; Actual Accelerations: 0.0, 0.0, 0.0, 0.0, 0.0, 0.0, 0.0; Commanded Angles: 0.0, 0.0, 0.0, 0.0, 0.0, 0.8509293011517366, 0.0; Commanded Speeds: 0.0, 0.0, 0.0, 0.0, 0.0, 0.3490658503988659, 0.0; Commanded Accelerations: 0, 0, 0, 0, 0, 0, 0
75, 47724.705459, Actual Angles: 3.1415927410125732, 0.0, -1.5707963705062866, 0.0, 0.0, 0.8531200289726257, 0.0; Actual Speeds: 0.0, 0.0, 0.0, 0.0, 0.0, 0.3440000116825104, 0.0; Actual Efforts: -6.120309262769297e-05, -15.51342487335205, -12.161066055297852, -0.18718840181827545, -0.5656898021697998, -0.3708316385746002, 0.0; Actual Accelerations: 0.0, 0.0, 0.0, 0.0, 0.0, 0.0, 0.0; Commanded Angles: 0.0, 0.0, 0.0, 0.0, 0.0, 0.8624023856523929, 0.0; Commanded Speeds: 0.0, 0.0, 0.0, 0.0, 0.0, 0.3490658503988659, 0.0; Commanded Accelerations: 0, 0, 0, 0, 0, 0, 0
76, 47724.739840, Actual Angles: 3.1415927410125732, 0.0, -1.5707963705062866, 0.0, 0.0, 0.8642560243606567, 0.0; Actual Speeds: 0.0, 0.0, 0.0, 0.0, 0.0, 0.3440000116825104, 0.0; Actual Efforts: -2.924603904830292e-05, -15.513396263122559, -12.161041259765625, -0.18729692697525024, -0.5656845569610596, -0.08032788336277008, 0.0; Actual Accelerations: 0.0, 0.0, 0.0, 0.0, 0.0, 0.0, 0.0; Commanded Angles: 0.0, 0.0, 0.0, 0.0, 0.0, 0.8744038176236991, 0.0; Commanded Speeds: 0.0, 0.0, 0.0, 0.0, 0.0, 0.3490658503988659, 0.0; Commanded Accelerations: 0, 0, 0, 0, 0, 0, 0
77, 47724.772932, Actual Angles: 3.1415927410125732, 0.0, -1.5707963705062866, 0.0, 0.0, 0.876800000667572, 0.0; Actual Speeds: 0.0, 0.0, 0.0, 0.0, 0.0, 0.35199999809265137, 0.0; Actual Efforts: -0.00019601180974859744, -15.513543128967285, -12.161170959472656, -0.1873205006122589, -0.5657114386558533, -0.1984797716140747, 0.0; Actual Accelerations: 0.0, 0.0, 0.0, 0.0, 0.0, 0.0, 0.0; Commanded Angles: 0.0, 0.0, 0.0, 0.0, 0.0, 0.8859547703405776, 0.0; Commanded Speeds: 0.0, 0.0, 0.0, 0.0, 0.0, 0.3490658503988659, 0.0; Commanded Accelerations: 0, 0, 0, 0, 0, 0, 0
78, 47724.805905, Actual Angles: 3.1415927410125732, 0.0, -1.5707963705062866, 0.0, 0.0, 0.887935996055603, 0.0; Actual Speeds: 0.0, 0.0, 0.0, 0.0, 0.0, 0.35199999809265137, 0.0; Actual Efforts: -3.862173980451189e-05, -15.513404846191406, -12.161048889160156, -0.1874924600124359, -0.5656861066818237, -0.23326633870601654, 0.0; Actual Accelerations: 0.0, 0.0, 0.0, 0.0, 0.0, 0.0, 0.0; Commanded Angles: 0.0, 0.0, 0.0, 0.0, 0.0, 0.8974647099129034, 0.0; Commanded Speeds: 0.0, 0.0, 0.0, 0.0, 0.0, 0.3490658503988659, 0.0; Commanded Accelerations: 0, 0, 0, 0, 0, 0, 0
79, 47724.838800, Actual Angles: 3.1415927410125732, 0.0, -1.5707963705062866, 0.0, 0.0, 0.899071991443634, 0.0; Actual Speeds: 0.0, 0.0, 0.0, 0.0, 0.0, 0.35199999809265137, 0.0; Actual Efforts: -3.500182356219739e-05, -15.513401985168457, -12.161046028137207, -0.1875898241996765, -0.5656855702400208, -0.08015222102403641, 0.0; Actual Accelerations: 0.0, 0.0, 0.0, 0.0, 0.0, 0.0, 0.0; Commanded Angles: 0.0, 0.0, 0.0, 0.0, 0.0, 0.9089473741776747, 0.0; Commanded Speeds: 0.0, 0.0, 0.0, 0.0, 0.0, 0.3490658503988659, 0.0; Commanded Accelerations: 0, 0, 0, 0, 0, 0, 0
80, 47724.872627, Actual Angles: 3.1415927410125732, 0.0, -1.5707963705062866, 0.0, 0.0, 0.9116160273551941, 0.0; Actual Speeds: 0.0, 0.0, 0.0, 0.0, 0.0, 0.35199999809265137, 0.0; Actual Efforts: -0.00020249055523891002, -15.51353931427002, -12.161168098449707, -0.18761804699897766, -0.565710723400116, -0.08067921549081802, 0.0; Actual Accelerations: 0.0, 0.0, 0.0, 0.0, 0.0, 0.0, 0.0; Commanded Angles: 0.0, 0.0, 0.0, 0.0, 0.0, 0.9207551852559571, 0.0; Commanded Speeds: 0.0, 0.0, 0.0, 0.0, 0.0, 0.3490658503988659, 0.0; Commanded Accelerations: 0, 0, 0, 0, 0, 0, 0
81, 47724.907247, Actual Angles: 3.1415927410125732, 0.0, -1.5707963705062866, 0.0, 0.0, 0.9227520227432251, 0.0; Actual Speeds: 0.0, 0.0, 0.0, 0.0, 0.0, 0.35199999809265137, 0.0; Actual Efforts: -0.00019510186393745244, -15.513529777526855, -12.16115951538086, -0.1877196729183197, -0.5657090544700623, -0.14840787649154663, 0.0; Actual Accelerations: 0.0, 0.0, 0.0, 0.0, 0.0, 0.0, 0.0; Commanded Angles: 0.0, 0.0, 0.0, 0.0, 0.0, 0.932839826496438, 0.0; Commanded Speeds: 0.0, 0.0, 0.0, 0.0, 0.0, 0.3490658503988659, 0.0; Commanded Accelerations: 0, 0, 0, 0, 0, 0, 0
82, 47724.940094, Actual Angles: 3.1415927410125732, 0.0, -1.5707963705062866, 0.0, 0.0, 0.9338880181312561, 0.0; Actual Speeds: 0.0, 0.0, 0.0, 0.0, 0.0, 0.3440000116825104, 0.0; Actual Efforts: -0.00020723699708469212, -15.51353645324707, -12.161165237426758, -0.1878250390291214, -0.5657102465629578, -0.21596089005470276, 0.0; Actual Accelerations: 0.0, 0.0, 0.0, 0.0, 0.0, -8.4719592196867, 0.0; Commanded Angles: 0.0, 0.0, 0.0, 0.0, 0.0, 0.9443055830601103, 0.0; Commanded Speeds: 0.0, 0.0, 0.0, 0.0, 0.0, 0.3490658503988659, 0.0; Commanded Accelerations: 0, 0, 0, 0, 0, 0, 0
83, 47724.972405, Actual Angles: 3.1415927410125732, 0.0, -1.5707963705062866, 0.0, 0.0, 0.946399986743927, 0.0; Actual Speeds: 0.0, 0.0, 0.0, 0.0, 0.0, 0.3440000116825104, 0.0; Actual Efforts: -0.00022721126151736826, -15.513548851013184, -12.161175727844238, -0.18791568279266357, -0.5657124519348145, -0.3529113531112671, 0.0; Actual Accelerations: 0.0, 0.0, 0.0, 0.0, 0.0, -11.577102873359832, 0.0; Commanded Angles: 0.0, 0.0, 0.0, 0.0, 0.0, 0.9555841575970585, 0.0; Commanded Speeds: 0.0, 0.0, 0.0, 0.0, 0.0, 0.3490658503988659, 0.0; Commanded Accelerations: 0, 0, 0, 0, 0, 0, 0
84, 47725.006006, Actual Angles: 3.1415927410125732, 0.0, -1.5707963705062866, 0.0, 0.0, 0.957535982131958, 0.0; Actual Speeds: 0.0, 0.0, 0.0, 0.0, 0.0, 0.3440000116825104, 0.0; Actual Efforts: -0.0002528245095163584, -15.51119613647461, -12.160065650939941, -0.18801255524158478, -0.5655888915061951, -0.0808548778295517, 0.0; Actual Accelerations: 0.0, 0.0, 0.0, 0.0, 0.0, 0.0, 0.0; Commanded Angles: 0.0, 0.0, 0.0, 0.0, 0.0, 0.9673132145326925, 0.0; Commanded Speeds: 0.0, 0.0, 0.0, 0.0, 0.0, 0.3490658503988659, 0.0; Commanded Accelerations: 0, 0, 0, 0, 0, 0, 0
85, 47725.040142, Actual Angles: 3.1415927410125732, 0.0, -1.5707963705062866, 0.0, 0.0, 0.968671977519989, 0.0; Actual Speeds: 0.0, 0.0, 0.0, 0.0, 0.0, 0.3440000116825104, 0.0; Actual Efforts: -5.09105266246479e-05, -15.513458251953125, -12.161065101623535, -0.18821266293525696, -0.565689742565155, -0.2844800353050232, 0.0; Actual Accelerations: 0.0, 0.0, 0.0, 0.0, 0.0, 0.0, 0.0; Commanded Angles: 0.0, 0.0, 0.0, 0.0, 0.0, 0.9792288607770282, 0.0; Commanded Speeds: 0.0, 0.0, 0.0, 0.0, 0.0, 0.3490658503988659, 0.0; Commanded Accelerations: 0, 0, 0, 0, 0, 0, 0
86, 47725.073052, Actual Angles: 3.1415927410125732, 0.0, -1.5707963705062866, 0.0, 0.0, 0.9811840057373047, 0.0; Actual Speeds: 0.0, 0.0, 0.0, 0.0, 0.0, 0.3440000116825104, 0.0; Actual Efforts: -1.1325126251904294e-05, -15.515839576721191, -12.162172317504883, -0.18832583725452423, -0.5658126473426819, -0.3888397514820099, 0.0; Actual Accelerations: 0.0, 0.0, 0.0, 0.0, 0.0, 0.0, 0.0; Commanded Angles: 0.0, 0.0, 0.0, 0.0, 0.0, 0.9907167414825772, 0.0; Commanded Speeds: 0.0, 0.0, 0.0, 0.0, 0.0, 0.3490658503988659, 0.0; Commanded Accelerations: 0, 0, 0, 0, 0, 0, 0
87, 47725.106594, Actual Angles: 3.1415927410125732, 0.0, -1.5707963705062866, 0.0, 0.0, 0.9923200011253357, 0.0; Actual Speeds: 0.0, 0.0, 0.0, 0.0, 0.0, 0.3440000116825104, 0.0; Actual Efforts: -0.00021605263464152813, -15.513571739196777, -12.161166191101074, -0.1883421391248703, -0.5657105445861816, -0.1502523422241211, 0.0; Actual Accelerations: 0.0, 0.0, 0.0, 0.0, 0.0, 0.0, 0.0; Commanded Angles: 0.0, 0.0, 0.0, 0.0, 0.0, 1.0024250653031652, 0.0; Commanded Speeds: 0.0, 0.0, 0.0, 0.0, 0.0, 0.3490658503988659, 0.0; Commanded Accelerations: 0, 0, 0, 0, 0, 0, 0
88, 47725.139683, Actual Angles: 3.1415927410125732, 0.0, -1.5707963705062866, 0.0, 0.0, 1.0034559965133667, 0.0; Actual Speeds: 0.0, 0.0, 0.0, 0.0, 0.0, 0.3440000116825104, 0.0; Actual Efforts: -2.4610602849861607e-05, -15.513440132141113, -12.161049842834473, -0.18853385746479034, -0.5656864047050476, 0.021748192608356476, 0.0; Actual Accelerations: 0.0, 0.0, 0.0, 0.0, 0.0, 0.0, 0.0; Commanded Angles: 0.0, 0.0, 0.0, 0.0, 0.0, 1.0139753383879246, 0.0; Commanded Speeds: 0.0, 0.0, 0.0, 0.0, 0.0, 0.3490658503988659, 0.0; Commanded Accelerations: 0, 0, 0, 0, 0, 0, 0
89, 47725.173407, Actual Angles: 3.1415927410125732, 0.0, -1.5707963705062866, 0.0, 0.0, 1.0160000324249268, 0.0; Actual Speeds: 0.0, 0.0, 0.0, 0.0, 0.0, 0.35199999809265137, 0.0; Actual Efforts: 0.00016980610962491482, -15.513317108154297, -12.16093921661377, -0.1887391060590744, -0.565663754940033, -0.026042664423584938, 0.0; Actual Accelerations: 0.0, 0.0, 0.0, 0.0, 0.0, 0.0, 0.0; Commanded Angles: 0.0, 0.0, 0.0, 0.0, 0.0, 1.025747140179609, 0.0; Commanded Speeds: 0.0, 0.0, 0.0, 0.0, 0.0, 0.3490658503988659, 0.0; Commanded Accelerations: 0, 0, 0, 0, 0, 0, 0
90, 47725.205956, Actual Angles: 3.1415927410125732, 0.0, -1.5707963705062866, 0.0, 0.0, 1.027135968208313, 0.0; Actual Speeds: 0.0, 0.0, 0.0, 0.0, 0.0, 0.35199999809265137, 0.0; Actual Efforts: -3.351755003677681e-05, -15.513446807861328, -12.161054611206055, -0.18875226378440857, -0.5656875371932983, -0.11379697918891907, 0.0; Actual Accelerations: 0.0, 0.0, 0.0, 0.0, 0.0, 0.0, 0.0; Commanded Angles: 0.0, 0.0, 0.0, 0.0, 0.0, 1.0371089850752606, 0.0; Commanded Speeds: 0.0, 0.0, 0.0, 0.0, 0.0, 0.3490658503988659, 0.0; Commanded Accelerations: 0, 0, 0, 0, 0, 0, 0
91, 47725.239978, Actual Angles: 3.1415927410125732, 0.0, -1.5707963705062866, 0.0, 0.0, 1.0382720232009888, 0.0; Actual Speeds: 0.0, 0.0, 0.0, 0.0, 0.0, 0.35199999809265137, 0.0; Actual Efforts: 0.0001464699162170291, -15.513338088989258, -12.160958290100098, -0.18895217776298523, -0.5656675696372986, -0.12969970703125, 0.0; Actual Accelerations: 0.0, 0.0, 0.0, 0.0, 0.0, 0.0, 0.0; Commanded Angles: 0.0, 0.0, 0.0, 0.0, 0.0, 1.0489846454787874, 0.0; Commanded Speeds: 0.0, 0.0, 0.0, 0.0, 0.0, 0.3490658503988659, 0.0; Commanded Accelerations: 0, 0, 0, 0, 0, 0, 0
92, 47725.273678, Actual Angles: 3.1415927410125732, 0.0, -1.5707963705062866, 0.0, 0.0, 1.0508160591125488, 0.0; Actual Speeds: 0.0, 0.0, 0.0, 0.0, 0.0, 0.35199999809265137, 0.0; Actual Efforts: 0.00017454948101658374, -15.513323783874512, -12.160945892333984, -0.18907152116298676, -0.5656650066375732, -0.027272310107946396, 0.0; Actual Accelerations: 0.0, 0.0, 0.0, 0.0, 0.0, 0.0, 0.0; Commanded Angles: 0.0, 0.0, 0.0, 0.0, 0.0, 1.06074839781264, 0.0; Commanded Speeds: 0.0, 0.0, 0.0, 0.0, 0.0, 0.3490658503988659, 0.0; Commanded Accelerations: 0, 0, 0, 0, 0, 0, 0
93, 47725.306179, Actual Angles: 3.1415927410125732, 0.0, -1.5707963705062866, 0.0, 0.0, 1.061951994895935, 0.0; Actual Speeds: 0.0, 0.0, 0.0, 0.0, 0.0, 0.35199999809265137, 0.0; Actual Efforts: 0.00016833659901749343, -15.513330459594727, -12.160951614379883, -0.1891762614250183, -0.5656662583351135, -0.26471787691116333, 0.0; Actual Accelerations: 0.0, 0.0, 0.0, 0.0, 0.0, 0.0, 0.0; Commanded Angles: 0.0, 0.0, 0.0, 0.0, 0.0, 1.0720931328959167, 0.0; Commanded Speeds: 0.0, 0.0, 0.0, 0.0, 0.0, 0.3490658503988659, 0.0; Commanded Accelerations: 0, 0, 0, 0, 0, 0, 0
94, 47725.339871, Actual Angles: 3.1415927410125732, 0.0, -1.5707963705062866, 0.0, 0.0, 1.0730880498886108, 0.0; Actual Speeds: 0.0, 0.0, 0.0, 0.0, 0.0, 0.3440000116825104, 0.0; Actual Efforts: 0.0001747322385199368, -15.513330459594727, -12.160951614379883, -0.18929997086524963, -0.5656661987304688, -0.1788932830095291, 0.0; Actual Accelerations: 0.0, 0.0, 0.0, 0.0, 0.0, -8.047361246462614, 0.0; Commanded Angles: 0.0, 0.0, 0.0, 0.0, 0.0, 1.0838541126012622, 0.0; Commanded Speeds: 0.0, 0.0, 0.0, 0.0, 0.0, 0.3490658503988659, 0.0; Commanded Accelerations: 0, 0, 0, 0, 0, 0, 0
95, 47725.373310, Actual Angles: 3.1415927410125732, 0.0, -1.5707963705062866, 0.0, 0.0, 1.0856000185012817, 0.0; Actual Speeds: 0.0, 0.0, 0.0, 0.0, 0.0, 0.3440000116825104, 0.0; Actual Efforts: 0.00016173734911717474, -15.513340950012207, -12.160961151123047, -0.18940259516239166, -0.5656681656837463, 0.008743902668356895, 0.0; Actual Accelerations: 0.0, 0.0, 0.0, 0.0, 0.0, 0.0, 0.0; Commanded Angles: 0.0, 0.0, 0.0, 0.0, 0.0, 1.0955265067220594, 0.0; Commanded Speeds: 0.0, 0.0, 0.0, 0.0, 0.0, 0.3490658503988659, 0.0; Commanded Accelerations: 0, 0, 0, 0, 0, 0, 0
96, 47725.406205, Actual Angles: 3.1415927410125732, 0.0, -1.5707963705062866, 0.0, 0.0, 1.096735954284668, 0.0; Actual Speeds: 0.0, 0.0, 0.0, 0.0, 0.0, 0.3440000116825104, 0.0; Actual Efforts: 0.0001491362345404923, -15.513350486755371, -12.160969734191895, -0.1895071119070053, -0.5656698346138, -0.2648935616016388, 0.0; Actual Accelerations: 0.0, 0.0, 0.0, 0.0, 0.0, 0.0, 0.0; Commanded Angles: 0.0, 0.0, 0.0, 0.0, 0.0, 1.107008959104989, 0.0; Commanded Speeds: 0.0, 0.0, 0.0, 0.0, 0.0, 0.3490658503988659, 0.0; Commanded Accelerations: 0, 0, 0, 0, 0, 0, 0
97, 47725.440444, Actual Angles: 3.1415927410125732, 0.0, -1.5707963705062866, 0.0, 0.0, 1.1092480421066284, 0.0; Actual Speeds: 0.0, 0.0, 0.0, 0.0, 0.0, 0.3440000116825104, 0.0; Actual Efforts: -3.2090429158415645e-05, -15.513444900512695, -12.161053657531738, -0.18955594301223755, -0.5656872987747192, -0.3202327489852905, 0.0; Actual Accelerations: 0.0, 0.0, 0.0, 0.0, 0.0, 0.0, 0.0; Commanded Angles: 0.0, 0.0, 0.0, 0.0, 0.0, 1.1189604233466848, 0.0; Commanded Speeds: 0.0, 0.0, 0.0, 0.0, 0.0, 0.3490658503988659, 0.0; Commanded Accelerations: 0, 0, 0, 0, 0, 0, 0
98, 47725.472766, Actual Angles: 3.1415927410125732, 0.0, -1.5707963705062866, 0.0, 0.0, 1.1203839778900146, 0.0; Actual Speeds: 0.0, 0.0, 0.0, 0.0, 0.0, 0.3440000116825104, 0.0; Actual Efforts: -4.236569657223299e-05, -15.513450622558594, -12.16105842590332, -0.18966269493103027, -0.5656883120536804, -0.28491920232772827, 0.0; Actual Accelerations: 0.0, 0.0, 0.0, 0.0, 0.0, 0.0, 0.0; Commanded Angles: 0.0, 0.0, 0.0, 0.0, 0.0, 1.1302429269717398, 0.0; Commanded Speeds: 0.0, 0.0, 0.0, 0.0, 0.0, 0.3490658503988659, 0.0; Commanded Accelerations: 0, 0, 0, 0, 0, 0, 0
99, 47725.506076, Actual Angles: 3.1415927410125732, 0.0, -1.5707963705062866, 0.0, 0.0, 1.1315200328826904, 0.0; Actual Speeds: 0.0, 0.0, 0.0, 0.0, 0.0, 0.3440000116825104, 0.0; Actual Efforts: -6.0657628637272865e-05, -15.513459205627441, -12.161067008972168, -0.18976694345474243, -0.5656899213790894, -0.4729077219963074, 0.0; Actual Accelerations: 0.0, 0.0, 0.0, 0.0, 0.0, 0.0, 0.0; Commanded Angles: 0.0, 0.0, 0.0, 0.0, 0.0, 1.141870536641688, 0.0; Commanded Speeds: 0.0, 0.0, 0.0, 0.0, 0.0, 0.3490658503988659, 0.0; Commanded Accelerations: 0, 0, 0, 0, 0, 0, 0
100, 47725.539667, Actual Angles: 3.1415927410125732, 0.0, -1.5707963705062866, 0.0, 0.0, 1.1426559686660767, 0.0; Actual Speeds: 0.0, 0.0, 0.0, 0.0, 0.0, 0.3440000116825104, 0.0; Actual Efforts: 0.00018543451733421534, -15.51334285736084, -12.16096305847168, -0.1899813562631607, -0.565668523311615, -0.043172452598810196, 0.0; Actual Accelerations: 0.0, 0.0, 0.0, 0.0, 0.0, 0.0, 0.0; Commanded Angles: 0.0, 0.0, 0.0, 0.0, 0.0, 1.1535959863311926, 0.0; Commanded Speeds: 0.0, 0.0, 0.0, 0.0, 0.0, 0.3490658503988659, 0.0; Commanded Accelerations: 0, 0, 0, 0, 0, 0, 0
101, 47725.573341, Actual Angles: 3.1415927410125732, 0.0, -1.5707963705062866, 0.0, 0.0, 1.1552000045776367, 0.0; Actual Speeds: 0.0, 0.0, 0.0, 0.0, 0.0, 0.35199999809265137, 0.0; Actual Efforts: -4.295365943107754e-05, -15.513450622558594, -12.16105842590332, -0.19001378118991852, -0.5656883120536804, -0.26699891686439514, 0.0; Actual Accelerations: 0.0, 0.0, 0.0, 0.0, 0.0, 0.0, 0.0; Commanded Angles: 0.0, 0.0, 0.0, 0.0, 0.0, 1.1653504762017661, 0.0; Commanded Speeds: 0.0, 0.0, 0.0, 0.0, 0.0, 0.3490658503988659, 0.0; Commanded Accelerations: 0, 0, 0, 0, 0, 0, 0
102, 47725.606819, Actual Angles: 3.1415927410125732, 0.0, -1.5707963705062866, 0.0, 0.0, 1.1663360595703125, 0.0; Actual Speeds: 0.0, 0.0, 0.0, 0.0, 0.0, 0.35199999809265137, 0.0; Actual Efforts: -4.9428203055867925e-05, -15.513453483581543, -12.16106128692627, -0.190124973654747, -0.5656887292861938, -0.18442408740520477, 0.0; Actual Accelerations: 0.0, 0.0, 0.0, 0.0, 0.0, 0.0, 0.0; Commanded Angles: 0.0, 0.0, 0.0, 0.0, 0.0, 1.1770364200120416, 0.0; Commanded Speeds: 0.0, 0.0, 0.0, 0.0, 0.0, 0.3490658503988659, 0.0; Commanded Accelerations: 0, 0, 0, 0, 0, 0, 0
103, 47725.639927, Actual Angles: 3.1415927410125732, 0.0, -1.5707963705062866, 0.0, 0.0, 1.1774719953536987, 0.0; Actual Speeds: 0.0, 0.0, 0.0, 0.0, 0.0, 0.35199999809265137, 0.0; Actual Efforts: -2.4026933260756778e-06, -15.513432502746582, -12.161042213439941, -0.19025954604148865, -0.5656849145889282, -0.08059138059616089, 0.0; Actual Accelerations: 0.0, 0.0, 0.0, 0.0, 0.0, 0.0, 0.0; Commanded Angles: 0.0, 0.0, 0.0, 0.0, 0.0, 1.1885934353052603, 0.0; Commanded Speeds: 0.0, 0.0, 0.0, 0.0, 0.0, 0.3490658503988659, 0.0; Commanded Accelerations: 0, 0, 0, 0, 0, 0, 0
104, 47725.674060, Actual Angles: 3.1415927410125732, 0.0, -1.5707963705062866, 0.0, 0.0, 1.1900160312652588, 0.0; Actual Speeds: 0.0, 0.0, 0.0, 0.0, 0.0, 0.35199999809265137, 0.0; Actual Efforts: -1.1976238965871744e-05, -15.513437271118164, -12.161046028137207, -0.19038428366184235, -0.5656857490539551, -0.1984797716140747, 0.0; Actual Accelerations: 0.0, 0.0, 0.0, 0.0, 0.0, 0.0, 0.0; Commanded Angles: 0.0, 0.0, 0.0, 0.0, 0.0, 1.200508053900441, 0.0; Commanded Speeds: 0.0, 0.0, 0.0, 0.0, 0.0, 0.3490658503988659, 0.0; Commanded Accelerations: 0, 0, 0, 0, 0, 0, 0
105, 47725.706392, Actual Angles: 3.1415927410125732, 0.0, -1.5707963705062866, 0.0, 0.0, 1.201151967048645, 0.0; Actual Speeds: 0.0, 0.0, 0.0, 0.0, 0.0, 0.35199999809265137, 0.0; Actual Efforts: -2.4505696273990907e-05, -15.513442039489746, -12.161050796508789, -0.1904946118593216, -0.5656867027282715, -0.23344199359416962, 0.0; Actual Accelerations: 0.0, 0.0, 0.0, 0.0, 0.0, 0.0, 0.0; Commanded Angles: 0.0, 0.0, 0.0, 0.0, 0.0, 1.2117937828915915, 0.0; Commanded Speeds: 0.0, 0.0, 0.0, 0.0, 0.0, 0.3490658503988659, 0.0; Commanded Accelerations: 0, 0, 0, 0, 0, 0, 0
106, 47725.740901, Actual Angles: 3.1415927410125732, 0.0, -1.5707963705062866, 0.0, 0.0, 1.2136640548706055, 0.0; Actual Speeds: 0.0, 0.0, 0.0, 0.0, 0.0, 0.3440000116825104, 0.0; Actual Efforts: -1.2145912478445098e-05, -15.513437271118164, -12.161046981811523, -0.19062989950180054, -0.5656858682632446, 0.02139686420559883, 0.0; Actual Accelerations: 0.0, 0.0, 0.0, 0.0, 0.0, 0.0, 0.0; Commanded Angles: 0.0, 0.0, 0.0, 0.0, 0.0, 1.2238397329763033, 0.0; Commanded Speeds: 0.0, 0.0, 0.0, 0.0, 0.0, 0.3490658503988659, 0.0; Commanded Accelerations: 0, 0, 0, 0, 0, 0, 0
107, 47725.773125, Actual Angles: 3.1415927410125732, 0.0, -1.5707963705062866, 0.0, 0.0, 1.2247999906539917, 0.0; Actual Speeds: 0.0, 0.0, 0.0, 0.0, 0.0, 0.3440000116825104, 0.0; Actual Efforts: -2.6579256882541813e-05, -15.513442993164062, -12.161051750183105, -0.19074060022830963, -0.5656868815422058, -0.04738578572869301, 0.0; Actual Accelerations: 0.0, 0.0, 0.0, 0.0, 0.0, 0.0, 0.0; Commanded Angles: 0.0, 0.0, 0.0, 0.0, 0.0, 1.2350879991752322, 0.0; Commanded Speeds: 0.0, 0.0, 0.0, 0.0, 0.0, 0.3490658503988659, 0.0; Commanded Accelerations: 0, 0, 0, 0, 0, 0, 0
108, 47725.808892, Actual Angles: 3.1415927410125732, 0.0, -1.5707963705062866, 0.0, 0.0, 1.2373119592666626, 0.0; Actual Speeds: 0.0, 0.0, 0.0, 0.0, 0.0, 0.3440000116825104, 0.0; Actual Efforts: -0.00019850596436299384, -15.513507843017578, -12.16110897064209, -0.1907990425825119, -0.5656987428665161, -0.11397264152765274, 0.0; Actual Accelerations: 0.0, 0.0, 0.0, 0.0, 0.0, 0.0, 0.0; Commanded Angles: 0.0, 0.0, 0.0, 0.0, 0.0, 1.2475731184280234, 0.0; Commanded Speeds: 0.0, 0.0, 0.0, 0.0, 0.0, 0.3490658503988659, 0.0; Commanded Accelerations: 0, 0, 0, 0, 0, 0, 0
109, 47725.839432, Actual Angles: 3.1415927410125732, 0.0, -1.5707963705062866, 0.0, 0.0, 1.2470719814300537, 0.0; Actual Speeds: 0.0, 0.0, 0.0, 0.0, 0.0, 0.3440000116825104, 0.0; Actual Efforts: -2.6015632101916708e-05, -15.513442993164062, -12.161051750183105, -0.19097578525543213, -0.565686821937561, -0.14814437925815582, 0.0; Actual Accelerations: 0.0, 0.0, 0.0, 0.0, 0.0, 0.0, 0.0; Commanded Angles: 0.0, 0.0, 0.0, 0.0, 0.0, 1.2582337626364868, 0.0; Commanded Speeds: 0.0, 0.0, 0.0, 0.0, 0.0, 0.3490658503988659, 0.0; Commanded Accelerations: 0, 0, 0, 0, 0, 0, 0
110, 47725.872847, Actual Angles: 3.1415927410125732, 0.0, -1.5707963705062866, 0.0, 0.0, 1.2595839500427246, 0.0; Actual Speeds: 0.0, 0.0, 0.0, 0.0, 0.0, 0.3440000116825104, 0.0; Actual Efforts: -0.0002491337072569877, -15.513520240783691, -12.161120414733887, -0.19101452827453613, -0.5657011270523071, -0.3873465955257416, 0.0; Actual Accelerations: 0.0, 0.0, 0.0, 0.0, 0.0, 0.0, 0.0; Commanded Angles: 0.0, 0.0, 0.0, 0.0, 0.0, 1.269897828047185, 0.0; Commanded Speeds: 0.0, 0.0, 0.0, 0.0, 0.0, 0.3490658503988659, 0.0; Commanded Accelerations: 0, 0, 0, 0, 0, 0, 0
111, 47725.906649, Actual Angles: 3.1415927410125732, 0.0, -1.5707963705062866, 0.0, 0.0, 1.2707200050354004, 0.0; Actual Speeds: 0.0, 0.0, 0.0, 0.0, 0.0, 0.3440000116825104, 0.0; Actual Efforts: -0.0002248130040243268, -15.513509750366211, -12.161110877990723, -0.1911436915397644, -0.5656991004943848, -0.1329468935728073, 0.0; Actual Accelerations: 0.0, 0.0, 0.0, 0.0, 0.0, 0.0, 0.0; Commanded Angles: 0.0, 0.0, 0.0, 0.0, 0.0, 1.2816968890898823, 0.0; Commanded Speeds: 0.0, 0.0, 0.0, 0.0, 0.0, 0.3490658503988659, 0.0; Commanded Accelerations: 0, 0, 0, 0, 0, 0, 0
112, 47725.939710, Actual Angles: 3.1415927410125732, 0.0, -1.5707963705062866, 0.0, 0.0, 1.2818559408187866, 0.0; Actual Speeds: 0.0, 0.0, 0.0, 0.0, 0.0, 0.3440000116825104, 0.0; Actual Efforts: -0.00025206938153132796, -15.51351547241211, -12.161116600036621, -0.191251739859581, -0.5657002925872803, -0.28456786274909973, 0.0; Actual Accelerations: 0.0, 0.0, 0.0, 0.0, 0.0, 0.0, 0.0; Commanded Angles: 0.0, 0.0, 0.0, 0.0, 0.0, 1.2932372082133528, 0.0; Commanded Speeds: 0.0, 0.0, 0.0, 0.0, 0.0, 0.3490658503988659, 0.0; Commanded Accelerations: 0, 0, 0, 0, 0, 0, 0
113, 47725.972972, Actual Angles: 3.1415927410125732, 0.0, -1.5707963705062866, 0.0, 0.0, 1.2943999767303467, 0.0; Actual Speeds: 0.0, 0.0, 0.0, 0.0, 0.0, 0.35199999809265137, 0.0; Actual Efforts: -0.00025042201741598547, -15.513511657714844, -12.161112785339355, -0.1913868635892868, -0.5656995177268982, -0.40491554141044617, 0.0; Actual Accelerations: 0.0, 0.0, 0.0, 0.0, 0.0, 0.0, 0.0; Commanded Angles: 0.0, 0.0, 0.0, 0.0, 0.0, 1.3048478916823838, 0.0; Commanded Speeds: 0.0, 0.0, 0.0, 0.0, 0.0, 0.3490658503988659, 0.0; Commanded Accelerations: 0, 0, 0, 0, 0, 0, 0
114, 47726.006694, Actual Angles: 3.1415927410125732, 0.0, -1.5707963705062866, 0.0, 0.0, 1.3055360317230225, 0.0; Actual Speeds: 0.0, 0.0, 0.0, 0.0, 0.0, 0.35199999809265137, 0.0; Actual Efforts: -0.00022655863722320646, -15.51350212097168, -12.161104202270508, -0.19153131544589996, -0.5656977295875549, -0.09763333946466446, 0.0; Actual Accelerations: 0.0, 0.0, 0.0, 0.0, 0.0, 0.0, 0.0; Commanded Angles: 0.0, 0.0, 0.0, 0.0, 0.0, 1.3166191398560871, 0.0; Commanded Speeds: 0.0, 0.0, 0.0, 0.0, 0.0, 0.3490658503988659, 0.0; Commanded Accelerations: 0, 0, 0, 0, 0, 0, 0
115, 47726.040201, Actual Angles: 3.1415927410125732, 0.0, -1.5707963705062866, 0.0, 0.0, 1.3166719675064087, 0.0; Actual Speeds: 0.0, 0.0, 0.0, 0.0, 0.0, 0.35199999809265137, 0.0; Actual Efforts: -0.0002403409598628059, -15.513503074645996, -12.161105155944824, -0.19164669513702393, -0.565697968006134, -0.1666794866323471, 0.0; Actual Accelerations: 0.0, 0.0, 0.0, 0.0, 0.0, 0.0, 0.0; Commanded Angles: 0.0, 0.0, 0.0, 0.0, 0.0, 1.328315151074917, 0.0; Commanded Speeds: 0.0, 0.0, 0.0, 0.0, 0.0, 0.3490658503988659, 0.0; Commanded Accelerations: 0, 0, 0, 0, 0, 0, 0
116, 47726.073500, Actual Angles: 3.1415927410125732, 0.0, -1.5707963705062866, 0.0, 0.0, 1.3292160034179688, 0.0; Actual Speeds: 0.0, 0.0, 0.0, 0.0, 0.0, 0.35199999809265137, 0.0; Actual Efforts: -0.0002190806408179924, -15.513494491577148, -12.161097526550293, -0.1917765736579895, -0.5656964182853699, -0.16659164428710938, 0.0; Actual Accelerations: 0.0, 0.0, 0.0, 0.0, 0.0, 0.0, 0.0; Commanded Angles: 0.0, 0.0, 0.0, 0.0, 0.0, 1.339938850860098, 0.0; Commanded Speeds: 0.0, 0.0, 0.0, 0.0, 0.0, 0.3490658503988659, 0.0; Commanded Accelerations: 0, 0, 0, 0, 0, 0, 0
117, 47726.107049, Actual Angles: 3.1415927410125732, 0.0, -1.5707963705062866, 0.0, 0.0, 1.3403520584106445, 0.0; Actual Speeds: 0.0, 0.0, 0.0, 0.0, 0.0, 0.35199999809265137, 0.0; Actual Efforts: -0.00020032507018186152, -15.513487815856934, -12.161091804504395, -0.19190546870231628, -0.5656951665878296, 0.056886088103055954, 0.0; Actual Accelerations: 0.0, 0.0, 0.0, 0.0, 0.0, 0.0, 0.0; Commanded Angles: 0.0, 0.0, 0.0, 0.0, 0.0, 1.3516497689373186, 0.0; Commanded Speeds: 0.0, 0.0, 0.0, 0.0, 0.0, 0.3490658503988659, 0.0; Commanded Accelerations: 0, 0, 0, 0, 0, 0, 0
118, 47726.141309, Actual Angles: 3.1415927410125732, 0.0, -1.5707963705062866, 0.0, 0.0, 1.3528640270233154, 0.0; Actual Speeds: 0.0, 0.0, 0.0, 0.0, 0.0, 0.3440000116825104, 0.0; Actual Efforts: -1.92357965715928e-05, -15.513440132141113, -12.161049842834473, -0.1921173632144928, -0.5656864047050476, -0.09816032648086548, 0.0; Actual Accelerations: 0.0, 0.0, 0.0, 0.0, 0.0, 0.0, 0.0; Commanded Angles: 0.0, 0.0, 0.0, 0.0, 0.0, 1.3636084954929475, 0.0; Commanded Speeds: 0.0, 0.0, 0.0, 0.0, 0.0, 0.3490658503988659, 0.0; Commanded Accelerations: 0, 0, 0, 0, 0, 0, 0
119, 47726.173265, Actual Angles: 3.1415927410125732, 0.0, -1.5707963705062866, 0.0, 0.0, 1.3639999628067017, 0.0; Actual Speeds: 0.0, 0.0, 0.0, 0.0, 0.0, 0.3440000116825104, 0.0; Actual Efforts: 2.152597880922258e-05, -15.51343059539795, -12.161041259765625, -0.19225628674030304, -0.5656846165657043, -0.11449962854385376, 0.0; Actual Accelerations: 0.0, 0.0, 0.0, 0.0, 0.0, 0.0, 0.0; Commanded Angles: 0.0, 0.0, 0.0, 0.0, 0.0, 1.3747634682591636, 0.0; Commanded Speeds: 0.0, 0.0, 0.0, 0.0, 0.0, 0.3490658503988659, 0.0; Commanded Accelerations: 0, 0, 0, 0, 0, 0, 0
120, 47726.206987, Actual Angles: 3.1415927410125732, 0.0, -1.5707963705062866, 0.0, 0.0, 1.3751360177993774, 0.0; Actual Speeds: 0.0, 0.0, 0.0, 0.0, 0.0, 0.3440000116825104, 0.0; Actual Efforts: -3.7315669487725245e-06, -15.513437271118164, -12.161046028137207, -0.19236809015274048, -0.5656857490539551, -0.1816134750843048, 0.0; Actual Accelerations: 0.0, 0.0, 0.0, 0.0, 0.0, 0.0, 0.0; Commanded Angles: 0.0, 0.0, 0.0, 0.0, 0.0, 1.3865346277688564, 0.0; Commanded Speeds: 0.0, 0.0, 0.0, 0.0, 0.0, 0.3490658503988659, 0.0; Commanded Accelerations: 0, 0, 0, 0, 0, 0, 0
121, 47726.239867, Actual Angles: 3.1415927410125732, 0.0, -1.5707963705062866, 0.0, 0.0, 1.3862719535827637, 0.0; Actual Speeds: 0.0, 0.0, 0.0, 0.0, 0.0, 0.3440000116825104, 0.0; Actual Efforts: -4.324247129261494e-05, -15.513444900512695, -12.161053657531738, -0.19247467815876007, -0.5656872391700745, -0.3704802989959717, 0.0; Actual Accelerations: 0.0, 0.0, 0.0, 0.0, 0.0, 0.0, 0.0; Commanded Angles: 0.0, 0.0, 0.0, 0.0, 0.0, 1.3980117380499009, 0.0; Commanded Speeds: 0.0, 0.0, 0.0, 0.0, 0.0, 0.3490658503988659, 0.0; Commanded Accelerations: 0, 0, 0, 0, 0, 0, 0
122, 47726.273753, Actual Angles: 3.1415927410125732, 0.0, -1.5707963705062866, 0.0, 0.0, 1.3987840414047241, 0.0; Actual Speeds: 0.0, 0.0, 0.0, 0.0, 0.0, 0.3440000116825104, 0.0; Actual Efforts: 0.0002169189101550728, -15.513396263122559, -12.161009788513184, -0.19271902740001678, -0.5656782984733582, 0.04203733056783676, 0.0; Actual Accelerations: 0.0, 0.0, 0.0, 0.0, 0.0, 0.0, 0.0; Commanded Angles: 0.0, 0.0, 0.0, 0.0, 0.0, 1.409840155180159, 0.0; Commanded Speeds: 0.0, 0.0, 0.0, 0.0, 0.0, 0.3490658503988659, 0.0; Commanded Accelerations: 0, 0, 0, 0, 0, 0, 0
123, 47726.306608, Actual Angles: 3.1415927410125732, 0.0, -1.5707963705062866, 0.0, 0.0, 1.4099199771881104, 0.0; Actual Speeds: 0.0, 0.0, 0.0, 0.0, 0.0, 0.3440000116825104, 0.0; Actual Efforts: 0.000182401854544878, -15.513404846191406, -12.161018371582031, -0.19282828271389008, -0.5656799674034119, -0.23028264939785004, 0.0; Actual Accelerations: 0.0, 0.0, 0.0, 0.0, 0.0, 0.0, 0.0; Commanded Angles: 0.0, 0.0, 0.0, 0.0, 0.0, 1.421308893465492, 0.0; Commanded Speeds: 0.0, 0.0, 0.0, 0.0, 0.0, 0.3490658503988659, 0.0; Commanded Accelerations: 0, 0, 0, 0, 0, 0, 0
124, 47726.340923, Actual Angles: 3.1415927410125732, 0.0, -1.5707963705062866, 0.0, 0.0, 1.4224640130996704, 0.0; Actual Speeds: 0.0, 0.0, 0.0, 0.0, 0.0, 0.35199999809265137, 0.0; Actual Efforts: 0.00017886958085000515, -15.513407707214355, -12.161020278930664, -0.19296543300151825, -0.5656804442405701, -0.3008219301700592, 0.0; Actual Accelerations: 0.0, 0.0, 0.0, 0.0, 0.0, 0.0, 0.0; Commanded Angles: 0.0, 0.0, 0.0, 0.0, 0.0, 1.4332872106428634, 0.0; Commanded Speeds: 0.0, 0.0, 0.0, 0.0, 0.0, 0.3490658503988659, 0.0; Commanded Accelerations: 0, 0, 0, 0, 0, 0, 0
125, 47726.374648, Actual Angles: 3.1415927410125732, 0.0, -1.5707963705062866, 0.0, 0.0, 1.4335999488830566, 0.0; Actual Speeds: 0.0, 0.0, 0.0, 0.0, 0.0, 0.35199999809265137, 0.0; Actual Efforts: 0.00019050619448535144, -15.513408660888672, -12.16102123260498, -0.1931084841489792, -0.5656806230545044, -0.21394334733486176, 0.0; Actual Accelerations: 0.0, 0.0, 0.0, 0.0, 0.0, 0.0, 0.0; Commanded Angles: 0.0, 0.0, 0.0, 0.0, 0.0, 1.4450593810492671, 0.0; Commanded Speeds: 0.0, 0.0, 0.0, 0.0, 0.0, 0.3490658503988659, 0.0; Commanded Accelerations: 0, 0, 0, 0, 0, 0, 0
126, 47726.407233, Actual Angles: 3.1415927410125732, 0.0, -1.5707963705062866, 0.0, 0.0, 1.4447360038757324, 0.0; Actual Speeds: 0.0, 0.0, 0.0, 0.0, 0.0, 0.35199999809265137, 0.0; Actual Efforts: 0.00018292153254151344, -15.513411521911621, -12.16102409362793, -0.1932147890329361, -0.5656811594963074, 0.0392267145216465, 0.0; Actual Accelerations: 0.0, 0.0, 0.0, 0.0, 0.0, 0.0, 0.0; Commanded Angles: 0.0, 0.0, 0.0, 0.0, 0.0, 1.4564334991012244, 0.0; Commanded Speeds: 0.0, 0.0, 0.0, 0.0, 0.0, 0.3490658503988659, 0.0; Commanded Accelerations: 0, 0, 0, 0, 0, 0, 0
127, 47726.441060, Actual Angles: 3.1415927410125732, 0.0, -1.5707963705062866, 0.0, 0.0, 1.4572800397872925, 0.0; Actual Speeds: 0.0, 0.0, 0.0, 0.0, 0.0, 0.35199999809265137, 0.0; Actual Efforts: 0.0002210307284258306, -15.513408660888672, -12.16102123260498, -0.19336916506290436, -0.5656806826591492, -0.04422643408179283, 0.0; Actual Accelerations: 0.0, 0.0, 0.0, 0.0, 0.0, 0.0, 0.0; Commanded Angles: 0.0, 0.0, 0.0, 0.0, 0.0, 1.4682416250345265, 0.0; Commanded Speeds: 0.0, 0.0, 0.0, 0.0, 0.0, 0.3490658503988659, 0.0; Commanded Accelerations: 0, 0, 0, 0, 0, 0, 0
128, 47726.475359, Actual Angles: 3.1415927410125732, 0.0, -1.5707963705062866, 0.0, 0.0, 1.4684159755706787, 0.0; Actual Speeds: 0.0, 0.0, 0.0, 0.0, 0.0, 0.35199999809265137, 0.0; Actual Efforts: 0.00021264601673465222, -15.513413429260254, -12.161025047302246, -0.1934899389743805, -0.5656813979148865, -0.16114866733551025, 0.0; Actual Accelerations: 0.0, 0.0, 0.0, 0.0, 0.0, 0.0, 0.0; Commanded Angles: 0.0, 0.0, 0.0, 0.0, 0.0, 1.4802140060001863, 0.0; Commanded Speeds: 0.0, 0.0, 0.0, 0.0, 0.0, 0.3490658503988659, 0.0; Commanded Accelerations: 0, 0, 0, 0, 0, 0, 0
129, 47726.508889, Actual Angles: 3.1415927410125732, 0.0, -1.5707963705062866, 0.0, 0.0, 1.4809279441833496, 0.0; Actual Speeds: 0.0, 0.0, 0.0, 0.0, 0.0, 0.3440000116825104, 0.0; Actual Efforts: -3.5382501664571464e-05, -15.51344108581543, -12.161049842834473, -0.19353346526622772, -0.5656865239143372, -0.2353743016719818, 0.0; Actual Accelerations: 0.0, 0.0, 0.0, 0.0, 0.0, 0.0, 0.0; Commanded Angles: 0.0, 0.0, 0.0, 0.0, 0.0, 1.4919181654644549, 0.0; Commanded Speeds: 0.0, 0.0, 0.0, 0.0, 0.0, 0.3490658503988659, 0.0; Commanded Accelerations: 0, 0, 0, 0, 0, 0, 0
130, 47726.541570, Actual Angles: 3.1415927410125732, 0.0, -1.5707963705062866, 0.0, 0.0, 1.4920639991760254, 0.0; Actual Speeds: 0.0, 0.0, 0.0, 0.0, 0.0, 0.3440000116825104, 0.0; Actual Efforts: 1.1964483746851329e-05, -15.513436317443848, -12.161046028137207, -0.19367732107639313, -0.5656855702400208, 0.17354482412338257, 0.0; Actual Accelerations: 0.0, 0.0, 0.0, 0.0, 0.0, 0.0, 0.0; Commanded Angles: 0.0, 0.0, 0.0, 0.0, 0.0, 1.5033262266775826, 0.0; Commanded Speeds: 0.0, 0.0, 0.0, 0.0, 0.0, 0.3490658503988659, 0.0; Commanded Accelerations: 0, 0, 0, 0, 0, 0, 0
131, 47726.576381, Actual Angles: 3.1415927410125732, 0.0, -1.5707963705062866, 0.0, 0.0, 1.5032000541687012, 0.0; Actual Speeds: 0.0, 0.0, 0.0, 0.0, 0.0, 0.3440000116825104, 0.0; Actual Efforts: -1.4784545783186331e-05, -15.51343822479248, -12.16104793548584, -0.19380688667297363, -0.565686047077179, -0.06504256278276443, 0.0; Actual Accelerations: 0.0, 0.0, 0.0, 0.0, 0.0, 0.0, 0.0; Commanded Angles: 0.0, 0.0, 0.0, 0.0, 0.0, 1.5154773262164771, 0.0; Commanded Speeds: 0.0, 0.0, 0.0, 0.0, 0.0, 0.3490658503988659, 0.0; Commanded Accelerations: 0, 0, 0, 0, 0, 0, 0
132, 47726.609817, Actual Angles: 3.1415927410125732, 0.0, -1.5707963705062866, 0.0, 0.0, 1.515712022781372, 0.0; Actual Speeds: 0.0, 0.0, 0.0, 0.0, 0.0, 0.3440000116825104, 0.0; Actual Efforts: 7.873446520534344e-06, -15.513436317443848, -12.161046028137207, -0.19394135475158691, -0.5656856894493103, -0.18468758463859558, 0.0; Actual Accelerations: 0.0, 0.0, 0.0, 0.0, 0.0, 0.0, 0.0; Commanded Angles: 0.0, 0.0, 0.0, 0.0, 0.0, 1.5271487537751085, 0.0; Commanded Speeds: 0.0, 0.0, 0.0, 0.0, 0.0, 0.3490658503988659, 0.0; Commanded Accelerations: 0, 0, 0, 0, 0, 0, 0
133, 47726.644728, Actual Angles: 3.1415927410125732, 0.0, -1.5707963705062866, 0.0, 0.0, 1.5268479585647583, 0.0; Actual Speeds: 0.0, 0.0, 0.0, 0.0, 0.0, 0.35199999809265137, 0.0; Actual Efforts: 3.4540706110419706e-05, -15.513435363769531, -12.16104507446289, -0.19409191608428955, -0.565685510635376, 0.07471852749586105, 0.0; Actual Accelerations: 0.0, 0.0, 0.0, 0.0, 0.0, 0.0, 0.0; Commanded Angles: 0.0, 0.0, 0.0, 0.0, 0.0, 1.5393349260536535, 0.0; Commanded Speeds: 0.0, 0.0, 0.0, 0.0, 0.0, 0.3490658503988659, 0.0; Commanded Accelerations: 0, 0, 0, 0, 0, 0, 0
134, 47726.676589, Actual Angles: 3.1415927410125732, 0.0, -1.5707963705062866, 0.0, 0.0, 1.537984013557434, 0.0; Actual Speeds: 0.0, 0.0, 0.0, 0.0, 0.0, 0.35199999809265137, 0.0; Actual Efforts: -2.196424247813411e-05, -15.513439178466797, -12.16104793548584, -0.1941944807767868, -0.5656861066818237, -0.06372508406639099, 0.0; Actual Accelerations: 0.0, 0.0, 0.0, 0.0, 0.0, 23.359261423039523, 0.0; Commanded Angles: 0.0, 0.0, 0.0, 0.0, 0.0, 1.550456629352793, 0.0; Commanded Speeds: 0.0, 0.0, 0.0, 0.0, 0.0, 0.3490658503988659, 0.0; Commanded Accelerations: 0, 0, 0, 0, 0, 0, 0
135, 47726.709848, Actual Angles: 3.1415927410125732, 0.0, -1.5707963705062866, 0.0, 0.0, 1.5505280494689941, 0.0; Actual Speeds: 0.0, 0.0, 0.0, 0.0, 0.0, 0.35199999809265137, 0.0; Actual Efforts: -7.858144272177014e-06, -15.513437271118164, -12.161046981811523, -0.19432589411735535, -0.5656858682632446, -0.1167832538485527, 0.0; Actual Accelerations: 0.0, 0.0, 0.0, 0.0, 0.0, 0.0, 0.0; Commanded Angles: 0.0, 0.0, 0.0, 0.0, 0.0, 1.5620660066163041, 0.0; Commanded Speeds: 0.0, 0.0, 0.0, 0.0, 0.0, 0.3490658503988659, 0.0; Commanded Accelerations: 0, 0, 0, 0, 0, 0, 0
136, 47726.744786, Actual Angles: 3.1415927410125732, 0.0, -1.5707963705062866, 0.0, 0.0, 1.5616639852523804, 0.0; Actual Speeds: 0.0, 0.0, 0.0, 0.0, 0.0, 0.35199999809265137, 0.0; Actual Efforts: 8.293682185467333e-06, -15.513437271118164, -12.161046981811523, -0.19447290897369385, -0.5656858682632446, -0.1483200490474701, 0.0; Actual Accelerations: 0.0, 0.0, 0.0, 0.0, 0.0, 0.0, 0.0; Commanded Angles: 0.0, 0.0, 0.0, 0.0, 0.0, 1.5742618755958986, 0.0; Commanded Speeds: 0.0, 0.0, 0.0, 0.0, 0.0, 0.3490658503988659, 0.0; Commanded Accelerations: 0, 0, 0, 0, 0, 0, 0
137, 47726.777027, Actual Angles: 3.1415927410125732, 0.0, -1.5707963705062866, 0.0, 0.0, 1.5742080211639404, 0.0; Actual Speeds: 0.0, 0.0, 0.0, 0.0, 0.0, 0.35199999809265137, 0.0; Actual Efforts: -2.4395279979216866e-05, -15.51343822479248, -12.161046981811523, -0.1945853978395462, -0.5656859278678894, -0.3703046441078186, 0.0; Actual Accelerations: 0.0, 0.0, 0.0, 0.0, 0.0, 0.0, 0.0; Commanded Angles: 0.0, 0.0, 0.0, 0.0, 0.0, 1.5855161310652568, 0.0; Commanded Speeds: 0.0, 0.0, 0.0, 0.0, 0.0, 0.3490658503988659, 0.0; Commanded Accelerations: 0, 0, 0, 0, 0, 0, 0
138, 47726.810217, Actual Angles: 3.1415927410125732, 0.0, -1.5707963705062866, 0.0, 0.0, 1.5853439569473267, 0.0; Actual Speeds: 0.0, 0.0, 0.0, 0.0, 0.0, 0.35199999809265137, 0.0; Actual Efforts: 2.6059959168378555e-07, -15.513437271118164, -12.161046981811523, -0.19472065567970276, -0.5656858682632446, -0.04721011966466904, 0.0; Actual Accelerations: 0.0, 0.0, 0.0, 0.0, 0.0, 0.0, 0.0; Commanded Angles: 0.0, 0.0, 0.0, 0.0, 0.0, 1.5971017121604192, 0.0; Commanded Speeds: 0.0, 0.0, 0.0, 0.0, 0.0, 0.3490658503988659, 0.0; Commanded Accelerations: 0, 0, 0, 0, 0, 0, 0
139, 47726.843817, Actual Angles: 3.1415927410125732, 0.0, -1.5707963705062866, 0.0, 0.0, 1.5964800119400024, 0.0; Actual Speeds: 0.0, 0.0, 0.0, 0.0, 0.0, 0.35199999809265137, 0.0; Actual Efforts: -2.4786540961940773e-05, -15.513437271118164, -12.161046981811523, -0.1948360949754715, -0.5656858682632446, -0.1483200490474701, 0.0; Actual Accelerations: 0.0, 0.0, 0.0, 0.0, 0.0, 0.0, 0.0; Commanded Angles: 0.0, 0.0, 0.0, 0.0, 0.0, 1.6088300165085145, 0.0; Commanded Speeds: 0.0, 0.0, 0.0, 0.0, 0.0, 0.3490658503988659, 0.0; Commanded Accelerations: 0, 0, 0, 0, 0, 0, 0
140, 47726.878387, Actual Angles: 3.1415927410125732, 0.0, -1.5707963705062866, 0.0, 0.0, 1.6089919805526733, 0.0; Actual Speeds: 0.0, 0.0, 0.0, 0.0, 0.0, 0.3440000116825104, 0.0; Actual Efforts: -0.0002399421646259725, -15.513434410095215, -12.161044120788574, -0.1948893815279007, -0.5656852126121521, -0.30345430970191956, 0.0; Actual Accelerations: 0.0, 0.0, 0.0, 0.0, 0.0, 0.0, 0.0; Commanded Angles: 0.0, 0.0, 0.0, 0.0, 0.0, 1.6208974051700389, 0.0; Commanded Speeds: 0.0, 0.0, 0.0, 0.0, 0.0, 0.3490658503988659, 0.0; Commanded Accelerations: 0, 0, 0, 0, 0, 0, 0
141, 47726.913750, Actual Angles: 3.1415927410125732, 0.0, -1.5707963705062866, 0.0, 0.0, 1.6215039491653442, 0.0; Actual Speeds: 0.0, 0.0, 0.0, 0.0, 0.0, 0.3440000116825104, 0.0; Actual Efforts: -0.00021132544497959316, -15.513432502746582, -12.161042213439941, -0.19504129886627197, -0.5656849145889282, -0.029729004949331284, 0.0; Actual Accelerations: 0.0, 0.0, 0.0, 0.0, 0.0, 0.0, 0.0; Commanded Angles: 0.0, 0.0, 0.0, 0.0, 0.0, 1.6332412396729914, 0.0; Commanded Speeds: 0.0, 0.0, 0.0, 0.0, 0.0, 0.3490658503988659, 0.0; Commanded Accelerations: 0, 0, 0, 0, 0, 0, 0
142, 47726.947400, Actual Angles: 3.1415927410125732, 0.0, -1.5707963705062866, 0.0, 0.0, 1.63264000415802, 0.0; Actual Speeds: 0.0, 0.0, 0.0, 0.0, 0.0, 0.3440000116825104, 0.0; Actual Efforts: -0.00023436223273165524, -15.513428688049316, -12.161039352416992, -0.19515776634216309, -0.5656842589378357, -0.35299918055534363, 0.0; Actual Accelerations: 0.0, 0.0, 0.0, 0.0, 0.0, 0.0, 0.0; Commanded Angles: 0.0, 0.0, 0.0, 0.0, 0.0, 1.6449874776290456, 0.0; Commanded Speeds: 0.0, 0.0, 0.0, 0.0, 0.0, 0.3490658503988659, 0.0; Commanded Accelerations: 0, 0, 0, 0, 0, 0, 0
143, 47726.978720, Actual Angles: 3.1415927410125732, 0.0, -1.5707963705062866, 0.0, 0.0, 1.6437760591506958, 0.0; Actual Speeds: 0.0, 0.0, 0.0, 0.0, 0.0, 0.3440000116825104, 0.0; Actual Efforts: -0.0002086600725306198, -15.513426780700684, -12.16103744506836, -0.195293590426445, -0.5656839609146118, -0.06513039767742157, 0.0; Actual Accelerations: 0.0, 0.0, 0.0, 0.0, 0.0, 0.0, 0.0; Commanded Angles: 0.0, 0.0, 0.0, 0.0, 0.0, 1.6559201376836166, 0.0; Commanded Speeds: 0.0, 0.0, 0.0, 0.0, 0.0, 0.3490658503988659, 0.0; Commanded Accelerations: 0, 0, 0, 0, 0, 0, 0
144, 47727.012074, Actual Angles: 3.1415927410125732, 0.0, -1.5707963705062866, 0.0, 0.0, 1.654911994934082, 0.0; Actual Speeds: 0.0, 0.0, 0.0, 0.0, 0.0, 0.3440000116825104, 0.0; Actual Efforts: -0.00017535984807182103, -15.513427734375, -12.161038398742676, -0.19543194770812988, -0.5656840205192566, 0.17547713220119476, 0.0; Actual Accelerations: 0.0, 0.0, 0.0, 0.0, 0.0, 0.0, 0.0; Commanded Angles: 0.0, 0.0, 0.0, 0.0, 0.0, 1.667562816875239, 0.0; Commanded Speeds: 0.0, 0.0, 0.0, 0.0, 0.0, 0.3490658503988659, 0.0; Commanded Accelerations: 0, 0, 0, 0, 0, 0, 0
145, 47727.045729, Actual Angles: 3.1415927410125732, 0.0, -1.5707963705062866, 0.0, 0.0, 1.667456030845642, 0.0; Actual Speeds: 0.0, 0.0, 0.0, 0.0, 0.0, 0.35199999809265137, 0.0; Actual Efforts: -3.6729245493916096e-06, -15.513437271118164, -12.161046981811523, -0.1956426501274109, -0.5656858086585999, -0.04694662615656853, 0.0; Actual Accelerations: 0.0, 0.0, 0.0, 0.0, 0.0, 0.0, 0.0; Commanded Angles: 0.0, 0.0, 0.0, 0.0, 0.0, 1.6793108029523636, 0.0; Commanded Speeds: 0.0, 0.0, 0.0, 0.0, 0.0, 0.3490658503988659, 0.0; Commanded Accelerations: 0, 0, 0, 0, 0, 0, 0
146, 47727.078844, Actual Angles: 3.1415927410125732, 0.0, -1.5707963705062866, 0.0, 0.0, 1.6785919666290283, 0.0; Actual Speeds: 0.0, 0.0, 0.0, 0.0, 0.0, 0.35199999809265137, 0.0; Actual Efforts: 3.614715387811884e-05, -15.513440132141113, -12.161049842834473, -0.19578389823436737, -0.5656864047050476, 0.05504161864519119, 0.0; Actual Accelerations: 0.0, 0.0, 0.0, 0.0, 0.0, 0.0, 0.0; Commanded Angles: 0.0, 0.0, 0.0, 0.0, 0.0, 1.6908699545275827, 0.0; Commanded Speeds: 0.0, 0.0, 0.0, 0.0, 0.0, 0.3490658503988659, 0.0; Commanded Accelerations: 0, 0, 0, 0, 0, 0, 0
147, 47727.112960, Actual Angles: 3.1415927410125732, 0.0, -1.5707963705062866, 0.0, 0.0, 1.6911360025405884, 0.0; Actual Speeds: 0.0, 0.0, 0.0, 0.0, 0.0, 0.35199999809265137, 0.0; Actual Efforts: 0.00023174572561401874, -15.51346206665039, -12.1610689163208, -0.19600416719913483, -0.5656904578208923, 0.0073385946452617645, 0.0; Actual Accelerations: 0.0, 0.0, 0.0, 0.0, 0.0, 0.0, 0.0; Commanded Angles: 0.0, 0.0, 0.0, 0.0, 0.0, 1.7027789447841937, 0.0; Commanded Speeds: 0.0, 0.0, 0.0, 0.0, 0.0, 0.3490658503988659, 0.0; Commanded Accelerations: 0, 0, 0, 0, 0, 0, 0
148, 47727.146932, Actual Angles: 3.1415927410125732, 0.0, -1.5707963705062866, 0.0, 0.0, 1.7022720575332642, 0.0; Actual Speeds: 0.0, 0.0, 0.0, 0.0, 0.0, 0.35199999809265137, 0.0; Actual Efforts: 7.320451004488859e-06, -15.513437271118164, -12.161046981811523, -0.19603772461414337, -0.5656858682632446, -0.1852145791053772, 0.0; Actual Accelerations: 0.0, 0.0, 0.0, 0.0, 0.0, 0.0, 0.0; Commanded Angles: 0.0, 0.0, 0.0, 0.0, 0.0, 1.7146372642952439, 0.0; Commanded Speeds: 0.0, 0.0, 0.0, 0.0, 0.0, 0.3490658503988659, 0.0; Commanded Accelerations: 0, 0, 0, 0, 0, 0, 0
149, 47727.181490, Actual Angles: 3.1415927410125732, 0.0, -1.5707963705062866, 0.0, 0.0, 1.714784026145935, 0.0; Actual Speeds: 0.0, 0.0, 0.0, 0.0, 0.0, 0.3440000116825104, 0.0; Actual Efforts: 0.000263985653873533, -15.513472557067871, -12.161077499389648, -0.19628189504146576, -0.5656922459602356, 0.2301136702299118, 0.0; Actual Accelerations: 0.0, 0.0, 0.0, 0.0, 0.0, 0.0, 0.0; Commanded Angles: 0.0, 0.0, 0.0, 0.0, 0.0, 1.7267001203362204, 0.0; Commanded Speeds: 0.0, 0.0, 0.0, 0.0, 0.0, 0.3490658503988659, 0.0; Commanded Accelerations: 0, 0, 0, 0, 0, 0, 0
